  1.57081969E-02  6.32526461E-14
  3.14163938E-02  6.64831620E-14
  4.71245907E-02  7.40491449E-14
  6.28327876E-02  8.34195926E-14
  7.85409808E-02  8.55506123E-14
  9.42491814E-02  8.76732362E-14
  0.10995738      8.96509090E-14
  0.12566558      9.15791152E-14
  0.14137377      9.33844405E-14
  0.15708196      9.52143299E-14
  0.17279017      9.70170802E-14
  0.18849836      9.87168246E-14
  0.20420656      1.00401905E-13
  0.21991476      1.02048415E-13
  0.23562296      1.03629460E-13
  0.25133115      1.76899646E-13
  0.26703936      1.81439038E-13
  0.28274754      1.85534558E-13
  0.29845574      1.89242014E-13
  0.31416392      1.92632382E-13
  0.32987213      1.95657198E-13
  0.34558034      1.98342577E-13
  0.36128852      2.00738541E-13
  0.37699673      2.02797387E-13
  0.39270493      2.04531636E-13
  0.40841311      2.05981255E-13
  0.42412132      2.07155256E-13
  0.43982953      2.08045346E-13
  0.45553771      2.08655453E-13
  0.47124591      2.08965888E-13
  0.48695409      2.08965888E-13
  0.50266230      2.08655453E-13
  0.51837051      2.08045346E-13
  0.53407872      2.07155256E-13
  0.54978687      2.05981255E-13
  0.56549507      2.04531623E-13
  0.58120328      2.02797387E-13
  0.59691149      2.00738514E-13
  0.61261970      1.98342550E-13
  0.62832785      1.95657198E-13
  0.64403605      1.92632382E-13
  0.65974426      1.89242014E-13
  0.67545247      1.85534530E-13
  0.69116068      1.81439025E-13
  0.70686889      1.76899633E-13
  0.72257704      1.03629460E-13
  0.73828524      1.02048409E-13
  0.75399345      1.00401898E-13
  0.76970166      9.87168111E-14
  0.78540987      9.70170735E-14
  0.80111802      9.52143299E-14
  0.81682622      9.33844405E-14
  0.83253443      9.15791084E-14
  0.84824264      8.96509023E-14
  0.86395085      8.76732226E-14
  0.87965906      8.55505987E-14
  0.89536721      8.34195926E-14
  0.91107541      7.40491314E-14
  0.92678362      6.64831552E-14
  0.94249183      6.32526461E-14
  0.95820004      1.92000617E-14

  1.57114752E-02  6.32526461E-14
  3.14229503E-02  6.64842327E-14
  4.71344255E-02  7.40552910E-14
  6.28459007E-02  8.34234008E-14
  7.85573721E-02  8.55554844E-14
  9.42688510E-02  8.76791790E-14
  0.10998033      8.96574075E-14
  0.12569180      9.15866707E-14
  0.14140327      9.33923552E-14
  0.15711474      9.52241690E-14
  0.17282623      9.70271091E-14
  0.18853770      9.87280800E-14
  0.20424917      1.00414326E-13
  0.21996066      1.02061372E-13
  0.23567213      1.03645743E-13
  0.25138360      1.76950089E-13
  0.26709509      1.81490253E-13
  0.28280655      1.85584580E-13
  0.29851803      1.89292389E-13
  0.31422949      1.92682797E-13
  0.32994097      1.95711747E-13
  0.34565246      1.98396150E-13
  0.36136392      2.00790841E-13
  0.37707540      2.02853440E-13
  0.39278689      2.04584911E-13
  0.40849835      2.06037661E-13
  0.42420983      2.07211256E-13
  0.43992132      2.08103554E-13
  0.45563278      2.08715315E-13
  0.47134426      2.09026576E-13
  0.48705572      2.09026576E-13
  0.50276721      2.08715315E-13
  0.51847869      2.08103554E-13
  0.53419018      2.07211228E-13
  0.54990160      2.06037661E-13
  0.56561309      2.04584911E-13
  0.58132458      2.02853440E-13
  0.59703606      2.00790827E-13
  0.61274755      1.98396136E-13
  0.62845898      1.95711747E-13
  0.64417046      1.92682797E-13
  0.65988195      1.89292375E-13
  0.67559344      1.85584580E-13
  0.69130492      1.81490240E-13
  0.70701641      1.76950048E-13
  0.72272784      1.03645743E-13
  0.73843932      1.02061372E-13
  0.75415081      1.00414319E-13
  0.76986229      9.87280732E-14
  0.78557378      9.70271091E-14
  0.80128521      9.52241690E-14
  0.81699669      9.33923552E-14
  0.83270818      9.15866639E-14
  0.84841967      8.96574007E-14
  0.86413115      8.76791790E-14
  0.87984264      8.55554776E-14
  0.89555407      8.34234008E-14
  0.91126555      7.40552774E-14
  0.92697704      6.64842259E-14
  0.94268852      6.32526461E-14
  0.95840001      1.92000617E-14

  1.57147534E-02  6.32526461E-14
  3.14295068E-02  6.64853033E-14
  4.71442603E-02  7.40614303E-14
  6.28590137E-02  8.34272226E-14
  7.85737634E-02  8.55603565E-14
  9.42885205E-02  8.76851353E-14
  0.11000328      8.96639195E-14
  0.12571803      9.15942262E-14
  0.14143278      9.34002699E-14
  0.15714753      9.52340081E-14
  0.17286229      9.70371583E-14
  0.18857704      9.87393489E-14
  0.20429179      1.00426761E-13
  0.22000656      1.02074355E-13
  0.23572131      1.03662040E-13
  0.25143605      1.77000531E-13
  0.26715082      1.81541522E-13
  0.28286555      1.85634684E-13
  0.29858032      1.89342804E-13
  0.31429505      1.92733281E-13
  0.33000982      1.95766377E-13
  0.34572458      1.98449804E-13
  0.36143932      2.00843221E-13
  0.37715408      2.02909589E-13
  0.39286885      2.04638295E-13
  0.40858358      2.06094229E-13
  0.42429835      2.07267377E-13
  0.44001311      2.08161952E-13
  0.45572785      2.08775312E-13
  0.47144261      2.09087454E-13
  0.48715734      2.09087454E-13
  0.50287211      2.08775312E-13
  0.51858687      2.08161952E-13
  0.53430164      2.07267377E-13
  0.55001634      2.06094229E-13
  0.56573111      2.04638308E-13
  0.58144587      2.02909589E-13
  0.59716064      2.00843235E-13
  0.61287540      1.98449804E-13
  0.62859011      1.95766390E-13
  0.64430487      1.92733281E-13
  0.66001964      1.89342818E-13
  0.67573440      1.85634684E-13
  0.69144917      1.81541522E-13
  0.70716393      1.77000531E-13
  0.72287863      1.03662047E-13
  0.73859340      1.02074355E-13
  0.75430816      1.00426761E-13
  0.77002293      9.87393489E-14
  0.78573769      9.70371583E-14
  0.80145240      9.52340149E-14
  0.81716716      9.34002834E-14
  0.83288193      9.15942262E-14
  0.84859669      8.96639195E-14
  0.86431146      8.76851353E-14
  0.88002622      8.55603565E-14
  0.89574093      8.34272226E-14
  0.91145569      7.40614438E-14
  0.92717046      6.64853101E-14
  0.94288522      6.32526461E-14
  0.95859998      1.92000617E-14

