  1.00000005E-04  0.10859151    
  2.00000009E-04  0.15932673    
  3.00000014E-04  0.23648091    
  4.00000019E-04  0.32996583    
  5.00000024E-04  0.42755789    
  6.00000028E-04  0.51649672    
  7.00000033E-04  0.58515286    
  8.00000038E-04  0.62454945    
  9.00000043E-04  0.62953508    
  1.00000005E-03  0.59945792    
  1.09999999E-03  0.53825086    
  1.20000006E-03  0.45391670    
  1.30000012E-03  0.35748267    
  1.40000007E-03  0.26155782    
  1.50000001E-03  0.17868477    
  1.60000008E-03  0.11969962    
  1.70000014E-03  9.23148245E-02
  1.80000009E-03  0.10011113    
  1.90000003E-03  0.14206913    
  2.00000009E-03  0.21270259    
  2.10000016E-03  0.30277598    
  2.19999999E-03  0.40051177    
  2.30000005E-03  0.49313053    
  2.40000011E-03  0.56852210    
  2.50000018E-03  0.61682856    
  2.60000024E-03  0.63173372    
  2.70000007E-03  0.61128873    
  2.80000013E-03  0.55816680    
  2.90000020E-03  0.47931364    
  3.00000003E-03  0.38503996    
  3.10000009E-03  0.28767228    
  3.20000015E-03  0.19994189    
  3.30000021E-03  0.13331988    
  3.40000028E-03  9.65173393E-02
  3.50000011E-03  9.43464190E-02
  3.60000017E-03  0.12709098    
  3.70000023E-03  0.19046952    
  3.80000006E-03  0.27619499    
  3.90000013E-03  0.37305847    
  4.00000019E-03  0.46839467    
  4.10000002E-03  0.54973793    
  4.20000032E-03  0.60645229    
  4.30000015E-03  0.63112211    
  4.39999998E-03  0.62052172    
  4.50000027E-03  0.57603705    
  4.60000010E-03  0.50348490    
  4.70000040E-03  0.41235149    
  4.80000023E-03  0.31455302    
  4.90000006E-03  0.22287713    
  5.00000035E-03  0.14931080    
  5.10000018E-03  0.10347308    
  5.20000048E-03  9.13575143E-02
  5.30000031E-03  0.11454825    
  5.40000014E-03  0.17001303    
  5.50000044E-03  0.25049955    
  5.60000027E-03  0.34548393    
  5.70000010E-03  0.44254646    
  5.80000039E-03  0.52899599    
  5.90000022E-03  0.59352857    
  6.00000005E-03  0.62770659    
  6.10000035E-03  0.62706071    
  6.20000018E-03  0.59167618    
  6.30000047E-03  0.52617884    
  6.40000030E-03  0.43913314    
  6.50000013E-03  0.34192055    
  6.60000043E-03  0.24725221    
  6.70000026E-03  0.16750622    
  6.80000056E-03  0.11310979    
  6.90000039E-03  9.11754593E-02
  7.00000022E-03  0.10457133    
  7.10000051E-03  0.15154573    
  7.20000034E-03  0.22595662    
  7.30000017E-03  0.31807449    
  7.40000047E-03  0.41585451    
  7.50000030E-03  0.50651151    
  7.60000013E-03  0.57819176    
  7.70000042E-03  0.62152261    
  7.80000025E-03  0.63083845    
  7.90000055E-03  0.60492122    
  8.00000038E-03  0.54715985    
  8.10000021E-03  0.46510658    
  8.20000004E-03  0.36949041    
  8.30000080E-03  0.27281347    
  8.40000063E-03  0.18771683    
  8.50000046E-03  0.12532710    
  8.60000029E-03  9.38020647E-02
  8.70000012E-03  9.72637385E-02
  8.79999995E-03  0.13525952    
  8.90000071E-03  0.20282128    
  9.00000054E-03  0.29111505    
  9.10000037E-03  0.38859603    
  9.20000020E-03  0.48251826    
  9.30000003E-03  0.56060082    
  9.40000080E-03  0.61263412    
  9.50000063E-03  0.63181484    
  9.60000046E-03  0.61563480    
  9.70000029E-03  0.56620950    
  9.80000012E-03  0.49000165    
  9.90000088E-03  0.39697593    
  1.00000007E-02  0.29929551    
  1.01000005E-02  0.20973270    
  1.02000004E-02  0.13999820    
  1.03000002E-02  9.92101282E-02
  1.04000010E-02  9.27016586E-02
  1.05000008E-02  0.12132379    
  1.06000006E-02  0.18133414    
  1.07000005E-02  0.26488608    
  1.08000003E-02  0.36105481    
  1.09000001E-02  0.45726582    
  1.10000009E-02  0.54093927    
  1.11000007E-02  0.60113430    
  1.12000005E-02  0.62998039    
  1.13000004E-02  0.62370563    
  1.14000002E-02  0.58313030    
  1.15000010E-02  0.51356006    
  1.16000008E-02  0.42409155    
  1.17000006E-02  0.32642296    
  1.18000004E-02  0.23332497    
  1.19000003E-02  0.15697055    
  1.20000001E-02  0.10734336    
  1.21000009E-02  9.09323469E-02
  1.22000007E-02  0.10988334    
  1.23000005E-02  0.16171844    
  1.24000004E-02  0.23965998    
  1.25000002E-02  0.33351684    
  1.26000009E-02  0.43101665    
  1.27000008E-02  0.51941109    
  1.28000006E-02  0.58714217    
  1.29000004E-02  0.62535375    
  1.30000003E-02  0.62904942    
  1.31000010E-02  0.59774584    
  1.32000009E-02  0.53553641    
  1.33000007E-02  0.45055509    
  1.34000005E-02  0.35391375    
  1.35000004E-02  0.25824827    
  1.36000011E-02  0.17606762    
  1.37000009E-02  0.11811719    
  1.38000008E-02  9.19742584E-02
  1.39000006E-02  0.10105711    
  1.40000004E-02  0.14417815    
  1.41000003E-02  0.21569911    
  1.42000010E-02  0.30626830    
  1.43000009E-02  0.40404356    
  1.44000007E-02  0.49624008    
  1.45000005E-02  0.57080299    
  1.46000003E-02  0.61798286    
  1.47000011E-02  0.63161075    
  1.48000009E-02  0.60990441    
  1.49000008E-02  0.55570257    
  1.50000006E-02  0.47609192    
  1.51000004E-02  0.38148221    
  1.52000003E-02  0.28424379    
  1.53000010E-02  0.19709115    
  1.54000008E-02  0.13141982    
  1.55000007E-02  9.58166718E-02
  1.56000005E-02  9.49369296E-02
  1.57000013E-02  0.12889564    
  1.58000011E-02  0.19325258    
  1.59000009E-02  0.27959275    
  1.60000008E-02  0.37662694    
  1.61000006E-02  0.47166738    
  1.62000004E-02  0.55228722    
  1.63000003E-02  0.60794491    
  1.64000001E-02  0.63136333    
  1.64999999E-02  0.61948001    
  1.66000016E-02  0.57384884    
  1.67000014E-02  0.50043648    
  1.68000013E-02  0.40884173    
  1.69000011E-02  0.31104118    
  1.70000009E-02  0.21982241    
  1.71000008E-02  0.14711286    
  1.72000006E-02  0.10241955    
  1.73000004E-02  9.15863290E-02
  1.74000002E-02  0.11602972    
  1.75000001E-02  0.17255361    
  1.75999999E-02  0.25376734    
  1.77000016E-02  0.34905174    
  1.78000014E-02  0.44594809    
  1.79000013E-02  0.53178674    
  1.80000011E-02  0.59534395    
  1.81000009E-02  0.62830931    
  1.82000007E-02  0.62637246    
  1.83000006E-02  0.58978665    
  1.84000004E-02  0.52333558    
  1.85000002E-02  0.43570808    
  1.86000001E-02  0.33836189    
  1.87000018E-02  0.24402525    
  1.88000016E-02  0.16503321    
  1.89000014E-02  0.11171430    
  1.90000013E-02  9.10401866E-02
  1.91000011E-02  0.10571412    
  1.92000009E-02  0.15381742    
  1.93000007E-02  0.22906044    
  1.94000006E-02  0.32160470    
  1.95000004E-02  0.41934979    
  1.96000002E-02  0.50951499    
  1.97000001E-02  0.58031100    
  1.98000018E-02  0.62248069    
  1.99000016E-02  0.63051063    
  2.00000014E-02  0.60335016    
  2.01000012E-02  0.54455125    
  2.02000011E-02  0.46180198    
  2.03000009E-02  0.36592188    
  2.04000007E-02  0.26944798    
  2.05000006E-02  0.18499455    
  2.06000004E-02  0.12360428    
  2.07000002E-02  9.33041573E-02
  2.08000019E-02  9.80561003E-02
  2.09000017E-02  0.13723879    
  2.10000016E-02  0.20572886    
  2.11000014E-02  0.29457110    
  2.12000012E-02  0.39214879    
  2.13000011E-02  0.48570335    
  2.14000009E-02  0.56300223    
  2.15000007E-02  0.61393803    
  2.16000006E-02  0.63185078    
  2.17000004E-02  0.61439854    
  2.18000002E-02  0.56386292    
  2.19000019E-02  0.48685187    
  2.20000017E-02  0.39343479    
  2.21000016E-02  0.29582644    
  2.22000014E-02  0.20678949    
  2.23000012E-02  0.13796596    
  2.24000011E-02  9.83547792E-02
  2.25000009E-02  9.31352973E-02
  2.26000007E-02  0.12298998    
  2.27000006E-02  0.18401524    
  2.28000004E-02  0.26823169    
  2.29000002E-02  0.36462778    
  2.30000019E-02  0.46059918    
  2.31000017E-02  0.54359746    
  2.32000016E-02  0.60276997    
  2.33000014E-02  0.63037974    
  2.34000012E-02  0.62281692    
  2.35000011E-02  0.58106977    
  2.36000009E-02  0.51059747    
  2.37000007E-02  0.42061451    
  2.38000005E-02  0.32288626    
  2.39000004E-02  0.23019132    
  2.40000002E-02  0.15464994    
  2.41000019E-02  0.10613941    
  2.42000017E-02  9.10027623E-02
  2.43000016E-02  0.11121915    
  2.44000014E-02  0.16414517    
  2.45000012E-02  0.24286056    
  2.46000011E-02  0.33707294    
  2.47000009E-02  0.43446365    
  2.48000007E-02  0.52229846    
  2.49000005E-02  0.58909243    
  2.50000004E-02  0.62611228    
  2.51000021E-02  0.62851721    
  2.52000019E-02  0.59599304    
  2.53000017E-02  0.53279215    
  2.54000016E-02  0.44717839    
  2.55000014E-02  0.35034624    
  2.56000012E-02  0.25495690    
  2.57000010E-02  0.17348288    
  2.58000009E-02  0.11657730    
  2.59000007E-02  9.16807801E-02
  2.60000005E-02  0.10204866    
  2.61000004E-02  0.14632531    
  2.62000021E-02  0.21872139    
  2.63000019E-02  0.30977076    
  2.64000017E-02  0.40756842    
  2.65000015E-02  0.49932680    
  2.66000014E-02  0.57304806    
  2.67000012E-02  0.61909300    
  2.68000010E-02  0.63144100    
  2.69000009E-02  0.60847753    
  2.70000007E-02  0.55320501    
  2.71000005E-02  0.47285068    
  2.72000022E-02  0.37792119    
  2.73000021E-02  0.28082889    
  2.74000019E-02  0.19426915    
  2.75000017E-02  0.12955998    
  2.76000015E-02  9.51623693E-02
  2.77000014E-02  9.55739468E-02
  2.78000012E-02  0.13074099    
  2.79000010E-02  0.19606514    
  2.80000009E-02  0.28300512    
  2.81000007E-02  0.38019302    
  2.82000005E-02  0.47492120    
  2.83000022E-02  0.55480361    
  2.84000020E-02  0.60939527    
  2.85000019E-02  0.63155788    
  2.86000017E-02  0.61839378    
  2.87000015E-02  0.57162410    
  2.88000014E-02  0.49736440    
  2.89000012E-02  0.40532431    
  2.90000010E-02  0.30753839    
  2.91000009E-02  0.21679258    
  2.92000007E-02  0.14495243    
  2.93000005E-02  0.10141128    
  2.94000022E-02  9.18622836E-02
  2.95000020E-02  0.11755409    
  2.96000019E-02  0.17512731    
  2.97000017E-02  0.25705406    
  2.98000015E-02  0.35262215    
  2.99000014E-02  0.44933543    
  3.00000012E-02  0.53454858    
  3.01000010E-02  0.59711909    
  3.02000009E-02  0.62886608    
  3.03000007E-02  0.62563831    
  3.04000005E-02  0.58785784    
  3.05000022E-02  0.52046454    
  3.06000020E-02  0.43227056    
  3.07000019E-02  0.33480734    
  3.08000017E-02  0.24081890    
  3.09000015E-02  0.16259454    
  3.10000014E-02  0.11036240    
  3.11000012E-02  9.09521207E-02
  3.12000010E-02  0.10690162    
  3.13000008E-02  0.15612546    
  3.14000025E-02  0.23218744    
  3.15000005E-02  0.32514215    
  3.16000022E-02  0.42283523    
  3.17000002E-02  0.51249307    
  3.18000019E-02  0.58239251    
  3.18999998E-02  0.62339389    
  3.20000015E-02  0.63013601    
  3.21000032E-02  0.60173744    
  3.22000012E-02  0.54191124    
  3.23000029E-02  0.45848006    
  3.24000008E-02  0.36235282    
  3.25000025E-02  0.26609865    
  3.26000005E-02  0.18230316    
  3.27000022E-02  0.12192300    
  3.28000002E-02  9.28530917E-02
  3.29000019E-02  9.88944322E-02
  3.29999998E-02  0.13925719    
  3.31000015E-02  0.20866369    
  3.32000032E-02  0.29803881    
  3.33000012E-02  0.39569634    
  3.34000029E-02  0.48886710    
  3.35000008E-02  0.56536877    
  3.36000025E-02  0.61519814    
  3.37000005E-02  0.63184017    
  3.38000022E-02  0.61311859    
  3.39000002E-02  0.56148142    
  3.40000018E-02  0.48368031    
  3.40999998E-02  0.38988826    
  3.42000015E-02  0.29236895    
  3.43000032E-02  0.20387335    
  3.44000012E-02  0.13597269    
  3.45000029E-02  9.75453407E-02
  3.46000008E-02  9.36157852E-02
  3.47000025E-02  0.12469784    
  3.48000005E-02  0.18672743    
  3.49000022E-02  0.27159390    
  3.50000001E-02  0.36820054    
  3.51000018E-02  0.46391574    
  3.51999998E-02  0.54622418    
  3.53000015E-02  0.60436386    
  3.54000032E-02  0.63073272    
  3.55000012E-02  0.62188268    
  3.56000029E-02  0.57897139    
  3.57000008E-02  0.50760925    
  3.58000025E-02  0.41712731    
  3.59000005E-02  0.31935647    
  3.60000022E-02  0.22708078    
  3.61000001E-02  0.15236555    
  3.62000018E-02  0.10498013    
  3.63000035E-02  9.11204368E-02
  3.64000015E-02  0.11259867    
  3.65000032E-02  0.16660644    
  3.66000012E-02  0.24608204    
  3.67000028E-02  0.34063360    
  3.68000008E-02  0.43789825    
  3.69000025E-02  0.52515829    
  3.70000005E-02  0.59100378    
  3.71000022E-02  0.62682533    
  3.72000001E-02  0.62793916    
  3.73000018E-02  0.59419960    
  3.74000035E-02  0.53001809    
  3.75000015E-02  0.44378683    
  3.76000032E-02  0.34678093    
  3.77000012E-02  0.25168428    
  3.78000028E-02  0.17093103    
  3.79000008E-02  0.11508017    
  3.80000025E-02  9.14344192E-02
  3.81000005E-02  0.10308553    
  3.82000022E-02  0.14851011    
  3.83000001E-02  0.22176868    
  3.84000018E-02  0.31328240    
  3.85000035E-02  0.41108540    
  3.86000015E-02  0.50238961    
  3.87000032E-02  0.57525659    
  3.88000011E-02  0.62015861    
  3.89000028E-02  0.63122475    
  3.90000008E-02  0.60700768    
  3.91000025E-02  0.55067426    
  3.92000005E-02  0.46959010    
  3.93000022E-02  0.37435740    
  3.94000001E-02  0.27742818    
  3.95000018E-02  0.19147635    
  3.96000035E-02  0.12774058    
  3.97000015E-02  9.45545137E-02
  3.98000032E-02  9.62574035E-02
  3.99000011E-02  0.13262659    
  4.00000028E-02  0.19890665    
  4.01000008E-02  0.28643119    
  4.02000025E-02  0.38375607    
  4.03000005E-02  0.47815552    
  4.04000022E-02  0.55728638    
  4.05000001E-02  0.61080223    
  4.06000018E-02  0.63170552    
  4.07000035E-02  0.61726272    
  4.08000015E-02  0.56936276    
  4.09000032E-02  0.49426842    
  4.10000011E-02  0.40179890    
  4.11000028E-02  0.30404472    
  4.12000008E-02  0.21378784    
  4.13000025E-02  0.14282961    
  4.14000005E-02  0.10044819    
  4.15000021E-02  9.21851322E-02
  4.16000038E-02  0.11912084    
  4.17000018E-02  0.17773338    
  4.18000035E-02  0.26035893    
  4.19000015E-02  0.35619381    
  4.20000032E-02  0.45270726    
  4.21000011E-02  0.53727961    
  4.22000028E-02  0.59885299    
  4.23000008E-02  0.62937599    
  4.24000025E-02  0.62485778    
  4.25000004E-02  0.58588934    
  4.26000021E-02  0.51756561    
  4.27000038E-02  0.42882040    
  4.28000018E-02  0.33125755    
  4.29000035E-02  0.23763369    
  4.30000015E-02  0.16019061    
  4.31000032E-02  0.10905435    
  4.32000011E-02  9.09111947E-02
  4.33000028E-02  0.10813343    
  4.34000008E-02  0.15846920    
  4.35000025E-02  0.23533690    
  4.36000004E-02  0.32868573    
  4.37000021E-02  0.42630997    
  4.38000038E-02  0.51544482    
  4.39000018E-02  0.58443552    
  4.40000035E-02  0.62426120    
  4.41000015E-02  0.62971443    
  4.42000031E-02  0.60008234    
  4.43000011E-02  0.53923953    
  4.44000028E-02  0.45514113    
  4.45000008E-02  0.35878354    
  4.46000025E-02  0.26276585    
  4.47000004E-02  0.17964296    
  4.48000021E-02  0.12028341    
  4.49000038E-02  9.24487412E-02
  4.50000018E-02  9.97784585E-02
  4.51000035E-02  0.14131424    
  4.52000014E-02  0.21162498    
  4.53000031E-02  0.30151740    
  4.54000011E-02  0.39923760    
  4.55000028E-02  0.49200827    
  4.56000008E-02  0.56769907    
  4.57000025E-02  0.61641353    
  4.58000004E-02  0.63178170    
  4.59000021E-02  0.61179417    
  4.60000038E-02  0.55906445    
  4.61000018E-02  0.48048705    
  4.62000035E-02  0.38633651    
  4.63000014E-02  0.28892320    
  4.64000031E-02  0.20098443    
  4.65000011E-02  0.13401861    
  4.66000028E-02  9.67817456E-02
  4.67000008E-02  9.41427425E-02
  4.68000025E-02  0.12644669    
  4.69000004E-02  0.18946968    
  4.70000021E-02  0.27497116    
  4.71000038E-02  0.37177163    
  4.72000018E-02  0.46721372    
  4.73000035E-02  0.54881823    
  4.74000014E-02  0.60591501    
  4.75000031E-02  0.63103819    
  4.76000011E-02  0.62090302    
  4.77000028E-02  0.57683468    
  4.78000008E-02  0.50459516    
  4.79000024E-02  0.41363025    
  4.80000004E-02  0.31583387    
  4.81000021E-02  0.22399344    
  4.82000038E-02  0.15011740    
  4.83000018E-02  0.10386539    
  4.84000035E-02  9.12850872E-02
  4.85000014E-02  0.11402137    
  4.86000031E-02  0.16910148    
  4.87000011E-02  0.24932338    
  4.88000028E-02  0.34419775    
  4.89000008E-02  0.44131932    
  4.90000024E-02  0.52798915    
  4.91000041E-02  0.59287465    
  4.92000021E-02  0.62749171    
  4.93000038E-02  0.62731421    
  4.94000018E-02  0.59236538    
  4.95000035E-02  0.52721465    
  4.96000014E-02  0.44038099    
  4.97000031E-02  0.34321821    
  4.98000011E-02  0.24843064    
  4.99000028E-02  0.16841231    
  5.00000007E-02  0.11362592    
