   1.99999995E-05   0.00000000       31.5541840       586.024658    
   2.20000002E-05   0.00000000       23.3587341       562.330444    
   2.39999990E-05   0.00000000       18.1594849       541.358398    
   2.59999997E-05   0.00000000       14.3425903       521.778442    
   2.79999986E-05   0.00000000       11.5978394       503.085754    
   2.99999992E-05   0.00000000       9.64520264       485.029297    
   3.19999999E-05   0.00000000       8.04344177       467.264404    
   3.40000006E-05   0.00000000       6.66229248       449.690491    
   3.59999976E-05   0.00000000       5.44183350       432.339844    
   3.79999983E-05   0.00000000       4.36457825       415.187561    
   3.99999990E-05   0.00000000       3.41004944       397.732910    
   4.19999997E-05   0.00000000       2.56134033       380.238770    
   4.40000003E-05   0.00000000       1.80937195       362.915466    
   4.60000010E-05   0.00000000       1.16806030       345.153015    
   4.80000017E-05   0.00000000      0.642272949       326.602905    
   5.00000024E-05   0.00000000      0.251937866       307.257263    
   5.19999994E-05   0.00000000       2.53295898E-02   287.701782    
   5.40000001E-05   0.00000000       0.00000000       266.504089    
   5.60000008E-05   0.00000000      0.126251221       243.875259    
   5.79999978E-05   0.00000000      0.358093262       219.967484    
   5.99999985E-05   0.00000000      0.623992920       193.963669    
   6.20000064E-05   0.00000000      0.917373657       165.756546    
   6.39999998E-05   0.00000000       1.23423767       136.079544    
   6.59999932E-05   0.00000000       1.57435608       106.708054    
   6.80000012E-05   0.00000000       1.93971252       79.2837830    
   7.00000019E-05   0.00000000       2.33148193       55.2007141    
   7.20000025E-05   0.00000000       2.75027466       35.4055328    
   7.40000032E-05   0.00000000       3.18862915       20.2649078    
   7.59999966E-05   0.00000000       3.63801575       9.64477539    
   7.79999973E-05   0.00000000       4.10557556       3.24424744    
   7.99999980E-05   0.00000000       4.58946228      0.831848145    
   8.19999987E-05   0.00000000       5.08804321       2.30566406    
   8.39999993E-05   0.00000000       5.60072327       7.31013489    
   8.60000000E-05   0.00000000       6.12710571       15.2106934    
   8.80000007E-05   0.00000000       6.66778564       25.5902405    
   9.00000014E-05   0.00000000       7.22346497       38.1387787    
   9.20000020E-05   0.00000000       7.79560852       52.4125519    
   9.39999954E-05   0.00000000       8.38464355       67.3530884    
   9.59999961E-05   0.00000000       8.99197388       82.0039673    
   9.79999968E-05   0.00000000       9.58633423       95.6629486    
   9.99999975E-05   0.00000000       10.1945801       107.776596    
   1.02000005E-04   0.00000000       10.8226166       119.235886    
   1.04000006E-04   0.00000000       11.4711151       130.449570    
   1.06000000E-04   0.00000000       12.1413879       141.467422    
   1.08000000E-04   0.00000000       12.8304291       152.399551    
   1.10000001E-04   0.00000000       13.5058289       163.086563    
   1.11999994E-04   0.00000000       14.2068481       173.539200    
   1.14000002E-04   0.00000000       14.9345856       183.903122    
   1.16000003E-04   0.00000000       15.6904144       194.030991    
   1.18000004E-04   0.00000000       16.4756165       203.884506    
   1.20000004E-04   0.00000000       17.2911224       213.632950    
   1.21999998E-04   0.00000000       18.1035919       223.171555    
   1.24000013E-04   0.00000000       18.9393463       232.394333    
   1.25999999E-04   0.00000000       19.8095551       241.513596    
   1.28000014E-04   0.00000000       20.7152710       250.411484    
   1.30000000E-04   0.00000000       21.6576385       259.026062    
   1.32000001E-04   0.00000000       22.6047211       267.508057    
   1.34000002E-04   0.00000000       23.5852051       275.798584    
   1.36000002E-04   0.00000000       24.6068115       283.840210    
   1.38000003E-04   0.00000000       25.6706696       291.742126    
   1.40000004E-04   0.00000000       26.7772827       299.511963    
   1.42000004E-04   0.00000000       27.9269714       307.065125    
   1.43999991E-04   0.00000000       29.1196136       314.407959    
   1.46000006E-04   0.00000000       30.3433228       321.407715    
   1.47999992E-04   0.00000000       31.6021729       328.617310    
   1.50000007E-04   0.00000000       32.9091492       336.046875    
   1.51999993E-04   0.00000000       34.2620392       343.331238    
   1.54000008E-04   0.00000000       35.6625671       350.869446    
   1.55999995E-04   0.00000000       37.1099854       358.400635    
   1.58000010E-04   0.00000000       38.6045685       366.189209    
   1.59999996E-04   0.00000000       40.1446686       374.283325    
   1.62000011E-04   0.00000000       41.7301483       382.687744    
   1.63999997E-04   0.00000000       43.3604736       391.399536    
   1.66000013E-04   0.00000000       45.0347900       400.420166    
   1.67999999E-04   0.00000000       46.7533875       409.748901    
   1.70000014E-04   0.00000000       48.5129395       419.380493    
   1.72000000E-04   0.00000000       50.3005981       429.308960    
   1.74000015E-04   0.00000000       52.1129150       439.534790    
   1.76000001E-04   0.00000000       53.9611511       450.047852    
   1.78000017E-04   0.00000000       55.8442230       460.843994    
   1.80000003E-04   0.00000000       57.7607117       471.917603    
   1.81999989E-04   0.00000000       59.7099457       483.254456    
   1.84000004E-04   0.00000000       61.6484070       494.854614    
   1.85999990E-04   0.00000000       63.6101227       506.705444    
   1.88000005E-04   0.00000000       65.5981903       518.799805    
   1.89999992E-04   0.00000000       67.6109009       531.124634    
   1.92000007E-04   0.00000000       69.5960236       543.678040    
   1.94000022E-04   0.00000000       71.5988922       556.443115    
   1.96000008E-04   0.00000000       73.6208801       569.344177    
   1.97999994E-04   0.00000000       75.6368256       582.219299    
   2.00000009E-04   0.00000000       77.6340027       595.263184    

   1.99999995E-05   9.99999978E-03   31.1232452       588.742737    
   2.20000002E-05   9.99999978E-03   23.1089020       565.142578    
   2.39999990E-05   9.99999978E-03   18.0274353       544.183899    
   2.59999997E-05   9.99999978E-03   14.2653046       524.576721    
   2.79999986E-05   9.99999978E-03   11.5691528       505.836548    
   2.99999992E-05   9.99999978E-03   9.64846802       487.722290    
   3.19999999E-05   9.99999978E-03   8.07354736       469.889709    
   3.40000006E-05   9.99999978E-03   6.71742249       452.237061    
   3.59999976E-05   9.99999978E-03   5.52288818       434.795166    
   3.79999983E-05   9.99999978E-03   4.46992493       417.546631    
   3.99999990E-05   9.99999978E-03   3.54269409       400.382324    
   4.19999997E-05   9.99999978E-03   2.71784973       382.755493    
   4.40000003E-05   9.99999978E-03   1.98728943       365.061829    
   4.60000010E-05   9.99999978E-03   1.35081482       346.941284    
   4.80000017E-05   9.99999978E-03  0.816024780       328.514832    
   5.00000024E-05   9.99999978E-03  0.401245117       309.084961    
   5.19999994E-05   9.99999978E-03  0.132888794       289.188232    
   5.40000001E-05   9.99999978E-03   4.58221436E-02   268.003662    
   5.60000008E-05   9.99999978E-03   9.54437256E-02   245.420761    
   5.79999978E-05   9.99999978E-03  0.294540405       221.353745    
   5.99999985E-05   9.99999978E-03  0.528182983       195.315659    
   6.20000064E-05   9.99999978E-03  0.786697388       166.975967    
   6.39999998E-05   9.99999978E-03   1.06617737       137.118088    
   6.59999932E-05   9.99999978E-03   1.36651611       107.510239    
   6.80000012E-05   9.99999978E-03   1.68905640       79.7714691    
   7.00000019E-05   9.99999978E-03   2.03556824       55.4062347    
   7.20000025E-05   9.99999978E-03   2.40637207       35.3640900    
   7.40000032E-05   9.99999978E-03   2.79920959       19.9752502    
   7.59999966E-05   9.99999978E-03   3.21104431       9.21220398    
   7.79999973E-05   9.99999978E-03   3.63960266       2.68627930    
   7.99999980E-05   9.99999978E-03   4.07073975      0.187438965    
   8.19999987E-05   9.99999978E-03   4.50898743       1.64006042    
   8.39999993E-05   9.99999978E-03   4.95832825       6.64358521    
   8.60000000E-05   9.99999978E-03   5.41822815       14.5320587    
   8.80000007E-05   9.99999978E-03   5.88932800       24.9907379    
   9.00000014E-05   9.99999978E-03   6.37239075       37.6524506    
   9.20000020E-05   9.99999978E-03   6.86819458       51.9409027    
   9.39999954E-05   9.99999978E-03   7.37835693       66.9552612    
   9.59999961E-05   9.99999978E-03   7.88192749       81.6232147    
   9.79999968E-05   9.99999978E-03   8.38919067       95.3259125    
   9.99999975E-05   9.99999978E-03   8.91157532       107.478134    
   1.02000005E-04   9.99999978E-03   9.45028687       118.840622    
   1.04000006E-04   9.99999978E-03   10.0062256       130.062424    
   1.06000000E-04   9.99999978E-03   10.5803528       141.075790    
   1.08000000E-04   9.99999978E-03   11.1740417       151.918503    
   1.10000001E-04   9.99999978E-03   11.7725983       162.545914    
   1.11999994E-04   9.99999978E-03   12.3677673       172.944717    
   1.14000002E-04   9.99999978E-03   12.9856110       183.231003    
   1.16000003E-04   9.99999978E-03   13.6272736       193.219162    
   1.18000004E-04   9.99999978E-03   14.2936096       202.965958    
   1.20000004E-04   9.99999978E-03   14.9619904       212.583908    
   1.21999998E-04   9.99999978E-03   15.6397400       221.964005    
   1.24000013E-04   9.99999978E-03   16.3459778       231.022141    
   1.25999999E-04   9.99999978E-03   17.0817261       239.948837    
   1.28000014E-04   9.99999978E-03   17.8473206       248.626205    
   1.30000000E-04   9.99999978E-03   18.6442108       257.052063    
   1.32000001E-04   9.99999978E-03   19.4506836       265.270569    
   1.34000002E-04   9.99999978E-03   20.2753906       273.265259    
   1.36000002E-04   9.99999978E-03   21.1354218       280.888489    
   1.38000003E-04   9.99999978E-03   22.0315247       288.368591    
   1.40000004E-04   9.99999978E-03   22.9640503       295.736267    
   1.42000004E-04   9.99999978E-03   23.9241486       303.032471    
   1.43999991E-04   9.99999978E-03   24.9031372       310.008728    
   1.46000006E-04   9.99999978E-03   25.9234467       316.734314    
   1.47999992E-04   9.99999978E-03   26.9832611       323.659912    
   1.50000007E-04   9.99999978E-03   28.0840912       330.526978    
   1.51999993E-04   9.99999978E-03   29.2243042       337.226807    
   1.54000008E-04   9.99999978E-03   30.4058685       344.061523    
   1.55999995E-04   9.99999978E-03   31.6271362       351.178345    
   1.58000010E-04   9.99999978E-03   32.8880463       358.586487    
   1.59999996E-04   9.99999978E-03   34.1881409       366.283752    
   1.62000011E-04   9.99999978E-03   35.5271912       374.272400    
   1.63999997E-04   9.99999978E-03   36.9042358       382.556030    
   1.66000013E-04   9.99999978E-03   38.3197174       391.132690    
   1.67999999E-04   9.99999978E-03   39.7720642       399.996948    
   1.70000014E-04   9.99999978E-03   41.2599640       409.151001    
   1.72000000E-04   9.99999978E-03   42.7848053       418.586182    
   1.74000015E-04   9.99999978E-03   44.3427582       428.303284    
   1.76000001E-04   9.99999978E-03   45.9351654       438.291138    
   1.78000017E-04   9.99999978E-03   47.5528259       448.545776    
   1.80000003E-04   9.99999978E-03   49.1775208       459.063416    
   1.81999989E-04   9.99999978E-03   50.8301544       469.832214    
   1.84000004E-04   9.99999978E-03   52.5093842       480.843933    
   1.85999990E-04   9.99999978E-03   54.2150879       492.094910    
   1.88000005E-04   9.99999978E-03   55.9241486       503.577942    
   1.89999992E-04   9.99999978E-03   57.6343384       515.277344    
   1.92000007E-04   9.99999978E-03   59.3653564       527.191711    
   1.94000022E-04   9.99999978E-03   61.1140900       539.305908    
   1.96000008E-04   9.99999978E-03   62.8558807       551.613892    
   1.97999994E-04   9.99999978E-03   64.5921021       564.107178    
   2.00000009E-04   9.99999978E-03   66.3430786       576.775391    

   1.99999995E-05   1.99999996E-02   30.9113617       591.522095    
   2.20000002E-05   1.99999996E-02   23.0985413       568.021973    
   2.39999990E-05   1.99999996E-02   18.0876465       547.079224    
   2.59999997E-05   1.99999996E-02   14.4044800       527.443787    
   2.79999986E-05   1.99999996E-02   11.7789154       508.658447    
   2.99999992E-05   1.99999996E-02   9.90780640       490.484253    
   3.19999999E-05   1.99999996E-02   8.37411499       472.583313    
   3.40000006E-05   1.99999996E-02   7.05728149       454.849121    
   3.59999976E-05   1.99999996E-02   5.88841248       437.315308    
   3.79999983E-05   1.99999996E-02   4.86317444       419.965576    
   3.99999990E-05   1.99999996E-02   3.96206665       402.788147    
   4.19999997E-05   1.99999996E-02   3.15696716       385.354980    
   4.40000003E-05   1.99999996E-02   2.43629456       367.033081    
   4.60000010E-05   1.99999996E-02   1.80885315       348.825806    
   4.80000017E-05   1.99999996E-02   1.27418518       330.536072    
   5.00000024E-05   1.99999996E-02  0.846832275       311.031250    
   5.19999994E-05   1.99999996E-02  0.550918579       290.801941    
   5.40000001E-05   1.99999996E-02  0.418869019       269.639038    
   5.60000008E-05   1.99999996E-02  0.441436768       247.124405    
   5.79999978E-05   1.99999996E-02  0.597671509       222.924667    
   5.99999985E-05   1.99999996E-02  0.803649902       196.884567    
   6.20000064E-05   1.99999996E-02   1.03187561       168.452133    
   6.39999998E-05   1.99999996E-02   1.27879333       138.457932    
   6.59999932E-05   1.99999996E-02   1.54376221       108.661667    
   6.80000012E-05   1.99999996E-02   1.82843018       80.6781921    
   7.00000019E-05   1.99999996E-02   2.13468933       56.0128326    
   7.20000025E-05   1.99999996E-02   2.46211243       35.7511902    
   7.40000032E-05   1.99999996E-02   2.80908203       20.1596985    
   7.59999966E-05   1.99999996E-02   3.17224121       9.20317078    
   7.79999973E-05   1.99999996E-02   3.53567505       2.57687378    
   7.99999980E-05   1.99999996E-02   3.90881348       0.00000000    
   8.19999987E-05   1.99999996E-02   4.29151917       1.42639160    
   8.39999993E-05   1.99999996E-02   4.68275452       6.42103577    
   8.60000000E-05   1.99999996E-02   5.08227539       14.3879852    
   8.80000007E-05   1.99999996E-02   5.49029541       24.8248444    
   9.00000014E-05   1.99999996E-02   5.90745544       37.5786438    
   9.20000020E-05   1.99999996E-02   6.33505249       51.9528961    
   9.39999954E-05   1.99999996E-02   6.77351379       67.0279541    
   9.59999961E-05   1.99999996E-02   7.22434998       81.7560883    
   9.79999968E-05   1.99999996E-02   7.67132568       95.4350433    
   9.99999975E-05   1.99999996E-02   8.11578369       107.576523    
   1.02000005E-04   1.99999996E-02   8.57374573       118.909470    
   1.04000006E-04   1.99999996E-02   9.04573059       130.124313    
   1.06000000E-04   1.99999996E-02   9.53289795       141.110153    
   1.08000000E-04   1.99999996E-02   10.0270538       151.844894    
   1.10000001E-04   1.99999996E-02   10.5107422       162.421066    
   1.11999994E-04   1.99999996E-02   11.0125122       172.745712    
   1.14000002E-04   1.99999996E-02   11.5328217       182.909897    
   1.16000003E-04   1.99999996E-02   12.0732117       192.798325    
   1.18000004E-04   1.99999996E-02   12.6345825       202.420273    
   1.20000004E-04   1.99999996E-02   13.2133942       211.892258    
   1.21999998E-04   1.99999996E-02   13.7800140       221.101242    
   1.24000013E-04   1.99999996E-02   14.3705597       230.004379    
   1.25999999E-04   1.99999996E-02   14.9862061       238.721451    
   1.28000014E-04   1.99999996E-02   15.6273193       247.168472    
   1.30000000E-04   1.99999996E-02   16.2686615       255.426132    
   1.32000001E-04   1.99999996E-02   16.9277649       263.374634    
   1.34000002E-04   1.99999996E-02   17.6165314       270.910645    
   1.36000002E-04   1.99999996E-02   18.3352356       278.076904    
   1.38000003E-04   1.99999996E-02   19.0844879       285.343994    
   1.40000004E-04   1.99999996E-02   19.8649750       292.308899    
   1.42000004E-04   1.99999996E-02   20.6594543       299.203613    
   1.43999991E-04   1.99999996E-02   21.4758453       305.956421    
   1.46000006E-04   1.99999996E-02   22.3265991       312.443420    
   1.47999992E-04   1.99999996E-02   23.2119446       318.904602    
   1.50000007E-04   1.99999996E-02   24.1313324       324.904785    
   1.51999993E-04   1.99999996E-02   25.0859833       331.163269    
   1.54000008E-04   1.99999996E-02   26.0750275       337.685486    
   1.55999995E-04   1.99999996E-02   27.0935669       344.477173    
   1.58000010E-04   1.99999996E-02   28.1420135       351.542480    
   1.59999996E-04   1.99999996E-02   29.2271729       358.881470    
   1.62000011E-04   1.99999996E-02   30.3491974       366.500916    
   1.63999997E-04   1.99999996E-02   31.5072327       374.398010    
   1.66000013E-04   1.99999996E-02   32.7007294       382.572571    
   1.67999999E-04   1.99999996E-02   33.9289398       391.022827    
   1.70000014E-04   1.99999996E-02   35.1875916       399.742798    
   1.72000000E-04   1.99999996E-02   36.4696350       408.733093    
   1.74000015E-04   1.99999996E-02   37.7810974       417.985718    
   1.76000001E-04   1.99999996E-02   39.1218719       427.497864    
   1.78000017E-04   1.99999996E-02   40.4914856       437.262207    
   1.80000003E-04   1.99999996E-02   41.8875732       447.272461    
   1.81999989E-04   1.99999996E-02   43.3096313       457.521118    
   1.84000004E-04   1.99999996E-02   44.7504730       468.003906    
   1.85999990E-04   1.99999996E-02   46.1915894       478.707764    
   1.88000005E-04   1.99999996E-02   47.6542511       489.628662    
   1.89999992E-04   1.99999996E-02   49.1373596       500.758301    
   1.92000007E-04   1.99999996E-02   50.6403656       512.086182    
   1.94000022E-04   1.99999996E-02   52.1347504       523.606201    
   1.96000008E-04   1.99999996E-02   53.6325836       535.306152    
   1.97999994E-04   1.99999996E-02   55.1459351       547.182068    
   2.00000009E-04   1.99999996E-02   56.6739349       559.219849    

   1.99999995E-05   3.00000012E-02   31.0388794       595.333984    
   2.20000002E-05   3.00000012E-02   23.4090576       571.890015    
   2.39999990E-05   3.00000012E-02   18.4910736       550.920288    
   2.59999997E-05   3.00000012E-02   14.8768311       531.208008    
   2.79999986E-05   3.00000012E-02   12.3097229       512.327209    
   2.99999992E-05   3.00000012E-02   10.4781799       494.047119    
   3.19999999E-05   3.00000012E-02   8.97837830       476.024780    
   3.40000006E-05   3.00000012E-02   7.69375610       458.159058    
   3.59999976E-05   3.00000012E-02   6.56681824       440.481934    
   3.79999983E-05   3.00000012E-02   5.57745361       422.981018    
   3.99999990E-05   3.00000012E-02   4.70550537       405.460938    
   4.19999997E-05   3.00000012E-02   3.92565918       387.587769    
   4.40000003E-05   3.00000012E-02   3.22859192       369.507446    
   4.60000010E-05   3.00000012E-02   2.62406921       351.159180    
   4.80000017E-05   3.00000012E-02   2.11180115       332.421204    
   5.00000024E-05   3.00000012E-02   1.66888428       312.945190    
   5.19999994E-05   3.00000012E-02   1.34109497       292.778564    
   5.40000001E-05   3.00000012E-02   1.15898132       271.458984    
   5.60000008E-05   3.00000012E-02   1.11039734       248.905807    
   5.79999978E-05   3.00000012E-02   1.21319580       224.755966    
   5.99999985E-05   3.00000012E-02   1.39231873       198.653641    
   6.20000064E-05   3.00000012E-02   1.59169006       170.175400    
   6.39999998E-05   3.00000012E-02   1.80751038       140.093491    
   6.59999932E-05   3.00000012E-02   2.03930664       110.092453    
   6.80000012E-05   3.00000012E-02   2.28880310       81.8955231    
   7.00000019E-05   3.00000012E-02   2.55722046       57.0476532    
   7.20000025E-05   3.00000012E-02   2.84500122       36.5079041    
   7.40000032E-05   3.00000012E-02   3.14955139       20.7594452    
   7.59999966E-05   3.00000012E-02   3.46853638       9.65330505    
   7.79999973E-05   3.00000012E-02   3.79931641       2.89601135    
   7.99999980E-05   3.00000012E-02   4.14038086      0.273803711    
   8.19999987E-05   3.00000012E-02   4.48237610       1.66078186    
   8.39999993E-05   3.00000012E-02   4.82107544       6.68511963    
   8.60000000E-05   3.00000012E-02   5.16596985       14.6969147    
   8.80000007E-05   3.00000012E-02   5.51683044       25.2288818    
   9.00000014E-05   3.00000012E-02   5.87464905       37.9840546    
   9.20000020E-05   3.00000012E-02   6.23999023       52.4510345    
   9.39999954E-05   3.00000012E-02   6.61404419       67.5316925    
   9.59999961E-05   3.00000012E-02   6.98326111       82.3086700    
   9.79999968E-05   3.00000012E-02   7.34814453       95.9653778    
   9.99999975E-05   3.00000012E-02   7.72320557       108.103745    
   1.02000005E-04   3.00000012E-02   8.10897827       119.406174    
   1.04000006E-04   3.00000012E-02   8.50654602       130.570206    
   1.06000000E-04   3.00000012E-02   8.91633606       141.471634    
   1.08000000E-04   3.00000012E-02   9.33955383       152.112961    
   1.10000001E-04   3.00000012E-02   9.75868225       162.600571    
   1.11999994E-04   3.00000012E-02   10.1762848       172.816330    
   1.14000002E-04   3.00000012E-02   10.6094818       182.854050    
   1.16000003E-04   3.00000012E-02   11.0595856       192.607925    
   1.18000004E-04   3.00000012E-02   11.5208435       202.073349    
   1.20000004E-04   3.00000012E-02   11.9706726       211.368759    
   1.21999998E-04   3.00000012E-02   12.4395905       220.373520    
   1.24000013E-04   3.00000012E-02   12.9287872       229.127823    
   1.25999999E-04   3.00000012E-02   13.4396210       237.611588    
   1.28000014E-04   3.00000012E-02   13.9717255       245.796097    
   1.30000000E-04   3.00000012E-02   14.5065460       253.806686    
   1.32000001E-04   3.00000012E-02   15.0497284       261.528442    
   1.34000002E-04   3.00000012E-02   15.6181793       268.831970    
   1.36000002E-04   3.00000012E-02   16.2120514       275.829102    
   1.38000003E-04   3.00000012E-02   16.8224945       282.747864    
   1.40000004E-04   3.00000012E-02   17.4390411       289.499817    
   1.42000004E-04   3.00000012E-02   18.0847931       295.926941    
   1.43999991E-04   3.00000012E-02   18.7595520       302.020508    
   1.46000006E-04   3.00000012E-02   19.4636841       308.197632    
   1.47999992E-04   3.00000012E-02   20.1975861       314.085754    
   1.50000007E-04   3.00000012E-02   20.9609833       319.847534    
   1.51999993E-04   3.00000012E-02   21.7458038       325.852173    
   1.54000008E-04   3.00000012E-02   22.5514374       332.109436    
   1.55999995E-04   3.00000012E-02   23.3887634       338.623718    
   1.58000010E-04   3.00000012E-02   24.2583160       345.397156    
   1.59999996E-04   3.00000012E-02   25.1595001       352.434692    
   1.62000011E-04   3.00000012E-02   26.0916290       359.734436    
   1.63999997E-04   3.00000012E-02   27.0547180       367.298950    
   1.66000013E-04   3.00000012E-02   28.0480194       375.126099    
   1.67999999E-04   3.00000012E-02   29.0716400       383.213257    
   1.70000014E-04   3.00000012E-02   30.1244049       391.560181    
   1.72000000E-04   3.00000012E-02   31.2060852       400.158081    
   1.74000015E-04   3.00000012E-02   32.3158875       409.008118    
   1.76000001E-04   3.00000012E-02   33.4531555       418.100281    
   1.78000017E-04   3.00000012E-02   34.6171570       427.433594    
   1.80000003E-04   3.00000012E-02   35.7980347       437.000793    
   1.81999989E-04   3.00000012E-02   36.9918213       446.791382    
   1.84000004E-04   3.00000012E-02   38.2073059       456.798218    
   1.85999990E-04   3.00000012E-02   39.4446411       467.018188    
   1.88000005E-04   3.00000012E-02   40.7025604       477.442200    
   1.89999992E-04   3.00000012E-02   41.9808655       488.063110    
   1.92000007E-04   3.00000012E-02   43.2559509       498.870117    
   1.94000022E-04   3.00000012E-02   44.5366364       509.858276    
   1.96000008E-04   3.00000012E-02   45.8350677       521.016235    
   1.97999994E-04   3.00000012E-02   47.1471405       532.339539    
   2.00000009E-04   3.00000012E-02   48.4496918       543.817871    

   1.99999995E-05   3.99999991E-02   31.2778168       599.089905    
   2.20000002E-05   3.99999991E-02   23.8734894       575.712524    
   2.39999990E-05   3.99999991E-02   19.0850067       554.717102    
   2.59999997E-05   3.99999991E-02   15.5654449       534.938599    
   2.79999986E-05   3.99999991E-02   13.0796661       515.966187    
   2.99999992E-05   3.99999991E-02   11.3069916       497.578369    
   3.19999999E-05   3.99999991E-02   9.85653687       479.440002    
   3.40000006E-05   3.99999991E-02   8.61787415       461.444824    
   3.59999976E-05   3.99999991E-02   7.53305054       443.625244    
   3.79999983E-05   3.99999991E-02   6.58158875       425.974609    
   3.99999990E-05   3.99999991E-02   5.74331665       407.809692    
   4.19999997E-05   3.99999991E-02   4.99140930       389.834778    
   4.40000003E-05   3.99999991E-02   4.31478882       372.005249    
   4.60000010E-05   3.99999991E-02   3.71376038       353.502747    
   4.80000017E-05   3.99999991E-02   3.18484497       334.364197    
   5.00000024E-05   3.99999991E-02   2.73844910       314.931580    
   5.19999994E-05   3.99999991E-02   2.39439392       294.839355    
   5.40000001E-05   3.99999991E-02   2.17988586       273.372864    
   5.60000008E-05   3.99999991E-02   2.11383057       250.803299    
   5.79999978E-05   3.99999991E-02   2.16262817       226.725876    
   5.99999985E-05   3.99999991E-02   2.31900024       200.586716    
   6.20000064E-05   3.99999991E-02   2.49406433       172.093643    
   6.39999998E-05   3.99999991E-02   2.68321228       141.959763    
   6.59999932E-05   3.99999991E-02   2.88618469       111.816818    
   6.80000012E-05   3.99999991E-02   3.10446167       83.4479523    
   7.00000019E-05   3.99999991E-02   3.33956909       58.3852386    
   7.20000025E-05   3.99999991E-02   3.59181213       37.6991272    
   7.40000032E-05   3.99999991E-02   3.85867310       21.7418976    
   7.59999966E-05   3.99999991E-02   4.13787842       10.5240784    
   7.79999973E-05   3.99999991E-02   4.42665100       3.66552734    
   7.99999980E-05   3.99999991E-02   4.71162415      0.974807739    
   8.19999987E-05   3.99999991E-02   4.99879456       2.36329651    
   8.39999993E-05   3.99999991E-02   5.29028320       7.40403748    
   8.60000000E-05   3.99999991E-02   5.58554077       15.4070282    
   8.80000007E-05   3.99999991E-02   5.88523865       25.9878235    
   9.00000014E-05   3.99999991E-02   6.18942261       38.8039398    
   9.20000020E-05   3.99999991E-02   6.49954224       53.3293610    
   9.39999954E-05   3.99999991E-02   6.81604004       68.4457855    
   9.59999961E-05   3.99999991E-02   7.14007568       83.2304993    
   9.79999968E-05   3.99999991E-02   7.46234131       96.8916473    
   9.99999975E-05   3.99999991E-02   7.77476501       109.005539    
   1.02000005E-04   3.99999991E-02   8.09585571       120.258530    
   1.04000006E-04   3.99999991E-02   8.42623901       131.325485    
   1.06000000E-04   3.99999991E-02   8.76655579       142.157639    
   1.08000000E-04   3.99999991E-02   9.09808350       152.709457    
   1.10000001E-04   3.99999991E-02   9.42979431       163.091232    
   1.11999994E-04   3.99999991E-02   9.77343750       173.181503    
   1.14000002E-04   3.99999991E-02   10.1302795       183.098618    
   1.16000003E-04   3.99999991E-02   10.5009155       192.707504    
   1.18000004E-04   3.99999991E-02   10.8862457       202.001846    
   1.20000004E-04   3.99999991E-02   11.2611847       211.107895    
   1.21999998E-04   3.99999991E-02   11.6437531       219.894577    
   1.24000013E-04   3.99999991E-02   12.0433502       228.489914    
   1.25999999E-04   3.99999991E-02   12.4605255       236.757126    
   1.28000014E-04   3.99999991E-02   12.8645172       244.670273    
   1.30000000E-04   3.99999991E-02   13.2871246       252.382248    
   1.32000001E-04   3.99999991E-02   13.7294769       259.779480    
   1.34000002E-04   3.99999991E-02   14.1936493       266.979309    
   1.36000002E-04   3.99999991E-02   14.6792908       273.831360    
   1.38000003E-04   3.99999991E-02   15.1701050       280.366882    
   1.40000004E-04   3.99999991E-02   15.6714020       286.700012    
   1.42000004E-04   3.99999991E-02   16.1974182       292.454468    
   1.43999991E-04   3.99999991E-02   16.7483521       298.342407    
   1.46000006E-04   3.99999991E-02   17.3173218       303.940430    
   1.47999992E-04   3.99999991E-02   17.8952789       309.565918    
   1.50000007E-04   3.99999991E-02   18.5005188       315.120361    
   1.51999993E-04   3.99999991E-02   19.1336365       320.909607    
   1.54000008E-04   3.99999991E-02   19.7942047       326.935242    
   1.55999995E-04   3.99999991E-02   20.4820099       333.205750    
   1.58000010E-04   3.99999991E-02   21.1973267       339.723450    
   1.59999996E-04   3.99999991E-02   21.9394073       346.491577    
   1.62000011E-04   3.99999991E-02   22.7085876       353.509766    
   1.63999997E-04   3.99999991E-02   23.5041504       360.780151    
   1.66000013E-04   3.99999991E-02   24.3259277       368.298218    
   1.67999999E-04   3.99999991E-02   25.1729584       376.064209    
   1.70000014E-04   3.99999991E-02   26.0457001       384.076050    
   1.72000000E-04   3.99999991E-02   26.9426880       392.325928    
   1.74000015E-04   3.99999991E-02   27.8641815       400.812622    
   1.76000001E-04   3.99999991E-02   28.8092804       409.530151    
   1.78000017E-04   3.99999991E-02   29.7771759       418.474243    
   1.80000003E-04   3.99999991E-02   30.7675476       427.637207    
   1.81999989E-04   3.99999991E-02   31.7796478       437.013672    
   1.84000004E-04   3.99999991E-02   32.8128662       446.595703    
   1.85999990E-04   3.99999991E-02   33.8666687       456.378174    
   1.88000005E-04   3.99999991E-02   34.9400940       466.349426    
   1.89999992E-04   3.99999991E-02   36.0196381       476.508545    
   1.92000007E-04   3.99999991E-02   37.1039734       486.843384    
   1.94000022E-04   3.99999991E-02   38.2044067       497.349426    
   1.96000008E-04   3.99999991E-02   39.3196869       508.012329    
   1.97999994E-04   3.99999991E-02   40.4474792       518.834656    
   2.00000009E-04   3.99999991E-02   41.5604553       529.800049    

   1.99999995E-05   5.00000007E-02   31.8266602       602.091553    
   2.20000002E-05   5.00000007E-02   24.6605377       578.826782    
   2.39999990E-05   5.00000007E-02   19.9890442       557.848328    
   2.59999997E-05   5.00000007E-02   16.5289459       538.039429    
   2.79999986E-05   5.00000007E-02   14.1000977       519.015137    
   2.99999992E-05   5.00000007E-02   12.3712769       500.559021    
   3.19999999E-05   5.00000007E-02   10.9645538       482.339600    
   3.40000006E-05   5.00000007E-02   9.76763916       464.250183    
   3.59999976E-05   5.00000007E-02   8.72456360       446.326416    
   3.79999983E-05   5.00000007E-02   7.81556702       428.561157    
   3.99999990E-05   5.00000007E-02   7.01728821       410.534180    
   4.19999997E-05   5.00000007E-02   6.30043030       392.420166    
   4.40000003E-05   5.00000007E-02   5.65142822       374.165527    
   4.60000010E-05   5.00000007E-02   5.07244873       355.581360    
   4.80000017E-05   5.00000007E-02   4.55606079       336.659729    
   5.00000024E-05   5.00000007E-02   4.11105347       316.981384    
   5.19999994E-05   5.00000007E-02   3.75550842       296.723816    
   5.40000001E-05   5.00000007E-02   3.51615906       275.421997    
   5.60000008E-05   5.00000007E-02   3.40878296       252.842819    
   5.79999978E-05   5.00000007E-02   3.39584351       228.768478    
   5.99999985E-05   5.00000007E-02   3.52087402       202.695541    
   6.20000064E-05   5.00000007E-02   3.67248535       174.199722    
   6.39999998E-05   5.00000007E-02   3.83670044       144.043076    
   6.59999932E-05   5.00000007E-02   4.01298523       113.819443    
   6.80000012E-05   5.00000007E-02   4.20262146       85.3287201    
   7.00000019E-05   5.00000007E-02   4.40722656       60.1053619    
   7.20000025E-05   5.00000007E-02   4.62664795       39.2196960    
   7.40000032E-05   5.00000007E-02   4.85928345       23.1153717    
   7.59999966E-05   5.00000007E-02   5.10227966       11.7801971    
   7.79999973E-05   5.00000007E-02   5.35307312       4.85578918    
   7.99999980E-05   5.00000007E-02   5.61012268       2.09979248    
   8.19999987E-05   5.00000007E-02   5.87252808       3.48297119    
   8.39999993E-05   5.00000007E-02   6.13111877       8.52478027    
   8.60000000E-05   5.00000007E-02   6.38241577       16.5799713    
   8.80000007E-05   5.00000007E-02   6.63606262       27.1998901    
   9.00000014E-05   5.00000007E-02   6.89245605       40.0972137    
   9.20000020E-05   5.00000007E-02   7.15249634       54.6311646    
   9.39999954E-05   5.00000007E-02   7.41749573       69.7736664    
   9.59999961E-05   5.00000007E-02   7.67460632       84.5608673    
   9.79999968E-05   5.00000007E-02   7.92579651       98.1916656    
   9.99999975E-05   5.00000007E-02   8.18312073       110.269058    
   1.02000005E-04   5.00000007E-02   8.44721985       121.472214    
   1.04000006E-04   5.00000007E-02   8.71858215       132.466843    
   1.06000000E-04   5.00000007E-02   8.99804688       143.229111    
   1.08000000E-04   5.00000007E-02   9.28648376       153.693497    
   1.10000001E-04   5.00000007E-02   9.55729675       163.968735    
   1.11999994E-04   5.00000007E-02   9.83499146       173.932999    
   1.14000002E-04   5.00000007E-02   10.1239777       183.705856    
   1.16000003E-04   5.00000007E-02   10.4220123       193.158493    
   1.18000004E-04   5.00000007E-02   10.7030029       202.350204    
   1.20000004E-04   5.00000007E-02   10.9968262       211.263107    
   1.21999998E-04   5.00000007E-02   11.3043518       219.838394    
   1.24000013E-04   5.00000007E-02   11.6258545       228.196457    
   1.25999999E-04   5.00000007E-02   11.9624023       236.210922    
   1.28000014E-04   5.00000007E-02   12.2883148       244.006699    
   1.30000000E-04   5.00000007E-02   12.6247711       251.429367    
   1.32000001E-04   5.00000007E-02   12.9787445       258.506042    
   1.34000002E-04   5.00000007E-02   13.3398743       265.347412    
   1.36000002E-04   5.00000007E-02   13.7011719       271.630371    
   1.38000003E-04   5.00000007E-02   14.0821686       277.942322    
   1.40000004E-04   5.00000007E-02   14.4839325       283.761414    
   1.42000004E-04   5.00000007E-02   14.9068604       289.368530    
   1.43999991E-04   5.00000007E-02   15.3489685       294.829224    
   1.46000006E-04   5.00000007E-02   15.7890625       299.928345    
   1.47999992E-04   5.00000007E-02   16.2528687       305.078186    
   1.50000007E-04   5.00000007E-02   16.7402954       310.444946    
   1.51999993E-04   5.00000007E-02   17.2513885       316.033813    
   1.54000008E-04   5.00000007E-02   17.7729034       321.849121    
   1.55999995E-04   5.00000007E-02   18.3141174       327.897095    
   1.58000010E-04   5.00000007E-02   18.8810120       334.182617    
   1.59999996E-04   5.00000007E-02   19.4734039       340.702026    
   1.62000011E-04   5.00000007E-02   20.0910339       347.463989    
   1.63999997E-04   5.00000007E-02   20.7338715       354.462219    
   1.66000013E-04   5.00000007E-02   21.4009705       361.696289    
   1.67999999E-04   5.00000007E-02   22.0927734       369.166687    
   1.70000014E-04   5.00000007E-02   22.8082581       376.867920    
   1.72000000E-04   5.00000007E-02   23.5474548       384.796936    
   1.74000015E-04   5.00000007E-02   24.3096619       392.948792    
   1.76000001E-04   5.00000007E-02   25.0941925       401.318481    
   1.78000017E-04   5.00000007E-02   25.9008484       409.902527    
   1.80000003E-04   5.00000007E-02   26.7285461       418.694458    
   1.81999989E-04   5.00000007E-02   27.5776520       427.685608    
   1.84000004E-04   5.00000007E-02   28.4466705       436.871582    
   1.85999990E-04   5.00000007E-02   29.3352966       446.248596    
   1.88000005E-04   5.00000007E-02   30.2416687       455.802002    
   1.89999992E-04   5.00000007E-02   31.1479797       465.532166    
   1.92000007E-04   5.00000007E-02   32.0702057       475.427734    
   1.94000022E-04   5.00000007E-02   33.0079193       485.483521    
   1.96000008E-04   5.00000007E-02   33.9600372       495.689331    
   1.97999994E-04   5.00000007E-02   34.9219360       506.040894    
   2.00000009E-04   5.00000007E-02   35.8757935       516.531677    

   1.99999995E-05   6.00000024E-02   32.5174561       604.923706    
   2.20000002E-05   6.00000024E-02   25.5705872       581.777832    
   2.39999990E-05   6.00000024E-02   21.0517578       560.827759    
   2.59999997E-05   6.00000024E-02   17.7312012       540.998657    
   2.79999986E-05   6.00000024E-02   15.3885956       521.927307    
   2.99999992E-05   6.00000024E-02   13.7226868       503.409180    
   3.19999999E-05   6.00000024E-02   12.3683167       485.114502    
   3.40000006E-05   6.00000024E-02   11.2191925       466.937744    
   3.59999976E-05   6.00000024E-02   10.2202759       448.912964    
   3.79999983E-05   6.00000024E-02   9.35116577       431.039307    
   3.99999990E-05   6.00000024E-02   8.58770752       413.194031    
   4.19999997E-05   6.00000024E-02   7.90075684       394.943542    
   4.40000003E-05   6.00000024E-02   7.27664185       376.283264    
   4.60000010E-05   6.00000024E-02   6.71482849       357.605347    
   4.80000017E-05   6.00000024E-02   6.20677185       338.955505    
   5.00000024E-05   6.00000024E-02   5.75906372       319.050232    
   5.19999994E-05   6.00000024E-02   5.38842773       298.644714    
   5.40000001E-05   6.00000024E-02   5.11929321       277.519531    
   5.60000008E-05   6.00000024E-02   4.97860718       254.954147    
   5.79999978E-05   6.00000024E-02   4.93699646       230.869003    
   5.99999985E-05   6.00000024E-02   5.01966858       204.918961    
   6.20000064E-05   6.00000024E-02   5.15223694       176.444656    
   6.39999998E-05   6.00000024E-02   5.29557800       146.292038    
   6.59999932E-05   6.00000024E-02   5.44934082       116.037399    
   6.80000012E-05   6.00000024E-02   5.61421204       87.4305878    
   7.00000019E-05   6.00000024E-02   5.79241943       62.0547943    
   7.20000025E-05   6.00000024E-02   5.98323059       41.0706482    
   7.40000032E-05   6.00000024E-02   6.18559265       24.8501434    
   7.59999966E-05   6.00000024E-02   6.39625549       13.3912964    
   7.79999973E-05   6.00000024E-02   6.61325073       6.34895325    
   7.99999980E-05   6.00000024E-02   6.83486938       3.56190491    
   8.19999987E-05   6.00000024E-02   7.04747009       4.91769409    
   8.39999993E-05   6.00000024E-02   7.25856018       10.0178070    
   8.60000000E-05   6.00000024E-02   7.47041321       18.1112671    
   8.80000007E-05   6.00000024E-02   7.68304443       28.7422638    
   9.00000014E-05   6.00000024E-02   7.89736938       41.6809387    
   9.20000020E-05   6.00000024E-02   8.11357117       56.2306671    
   9.39999954E-05   6.00000024E-02   8.33264160       71.4265594    
   9.59999961E-05   6.00000024E-02   8.55621338       86.1988068    
   9.79999968E-05   6.00000024E-02   8.77560425       99.7839813    
   9.99999975E-05   6.00000024E-02   8.98384094       111.805618    
   1.02000005E-04   6.00000024E-02   9.19711304       122.943192    
   1.04000006E-04   6.00000024E-02   9.41596985       133.874496    
   1.06000000E-04   6.00000024E-02   9.63523865       144.546494    
   1.08000000E-04   6.00000024E-02   9.84005737       154.913742    
   1.10000001E-04   6.00000024E-02   10.0526733       165.070938    
   1.11999994E-04   6.00000024E-02   10.2734833       174.896103    
   1.14000002E-04   6.00000024E-02   10.5029449       184.511581    
   1.16000003E-04   6.00000024E-02   10.7421875       193.787399    
   1.18000004E-04   6.00000024E-02   10.9715271       202.841660    
   1.20000004E-04   6.00000024E-02   11.2011261       211.548294    
   1.21999998E-04   6.00000024E-02   11.4423828       219.960068    
   1.24000013E-04   6.00000024E-02   11.6833038       228.073776    
   1.25999999E-04   6.00000024E-02   11.9186096       235.822250    
   1.28000014E-04   6.00000024E-02   12.1672363       243.331070    
   1.30000000E-04   6.00000024E-02   12.4302826       250.466599    
   1.32000001E-04   6.00000024E-02   12.7084198       257.340698    
   1.34000002E-04   6.00000024E-02   12.9852142       263.425232    
   1.36000002E-04   6.00000024E-02   13.2651367       269.552856    
   1.38000003E-04   6.00000024E-02   13.5624390       275.431458    
   1.40000004E-04   6.00000024E-02   13.8667755       280.998840    
   1.42000004E-04   6.00000024E-02   14.1727600       286.386719    
   1.43999991E-04   6.00000024E-02   14.4985657       291.043213    
   1.46000006E-04   6.00000024E-02   14.8446808       295.844604    
   1.47999992E-04   6.00000024E-02   15.2108612       300.843079    
   1.50000007E-04   6.00000024E-02   15.5919342       306.046265    
   1.51999993E-04   6.00000024E-02   15.9769287       311.462219    
   1.54000008E-04   6.00000024E-02   16.3839111       317.097412    
   1.55999995E-04   6.00000024E-02   16.8133240       322.954102    
   1.58000010E-04   6.00000024E-02   17.2646179       329.034912    
   1.59999996E-04   6.00000024E-02   17.7270966       335.342712    
   1.62000011E-04   6.00000024E-02   18.2094574       341.876770    
   1.63999997E-04   6.00000024E-02   18.7154541       348.636414    
   1.66000013E-04   6.00000024E-02   19.2449493       355.620728    
   1.67999999E-04   6.00000024E-02   19.7973175       362.828247    
   1.70000014E-04   6.00000024E-02   20.3726044       370.254639    
   1.72000000E-04   6.00000024E-02   20.9701538       377.896729    
   1.74000015E-04   6.00000024E-02   21.5897217       385.750610    
   1.76000001E-04   6.00000024E-02   22.2306824       393.811401    
   1.78000017E-04   6.00000024E-02   22.8928223       402.072205    
   1.80000003E-04   6.00000024E-02   23.5753479       410.529724    
   1.81999989E-04   6.00000024E-02   24.2779846       419.177368    
   1.84000004E-04   6.00000024E-02   24.9998169       428.008972    
   1.85999990E-04   6.00000024E-02   25.7405243       437.016724    
   1.88000005E-04   6.00000024E-02   26.4994354       446.194824    
   1.89999992E-04   6.00000024E-02   27.2606201       455.535339    
   1.92000007E-04   6.00000024E-02   28.0372162       465.035034    
   1.94000022E-04   6.00000024E-02   28.8287659       474.682983    
   1.96000008E-04   6.00000024E-02   29.6345520       484.470703    
   1.97999994E-04   6.00000024E-02   30.4537964       494.398315    
   2.00000009E-04   6.00000024E-02   31.2704926       504.453979    

   1.99999995E-05   7.00000003E-02   33.3773041       607.884399    
   2.20000002E-05   7.00000003E-02   26.6922150       584.855286    
   2.39999990E-05   7.00000003E-02   22.3127136       563.926025    
   2.59999997E-05   7.00000003E-02   19.0809174       544.067627    
   2.79999986E-05   7.00000003E-02   16.8407898       524.942017    
   2.99999992E-05   7.00000003E-02   15.2492371       506.355347    
   3.19999999E-05   7.00000003E-02   13.9588623       487.972656    
   3.40000006E-05   7.00000003E-02   12.8673706       469.697083    
   3.59999976E-05   7.00000003E-02   11.9212494       451.562561    
   3.79999983E-05   7.00000003E-02   11.1004639       433.569458    
   3.99999990E-05   7.00000003E-02   10.3783112       415.592712    
   4.19999997E-05   7.00000003E-02   9.71791077       397.228943    
   4.40000003E-05   7.00000003E-02   9.11813354       378.682373    
   4.60000010E-05   7.00000003E-02   8.57955933       359.874329    
   4.80000017E-05   7.00000003E-02   8.09310913       340.892822    
   5.00000024E-05   7.00000003E-02   7.65867615       321.294556    
   5.19999994E-05   7.00000003E-02   7.28068542       300.848572    
   5.40000001E-05   7.00000003E-02   6.99095154       279.534363    
   5.60000008E-05   7.00000003E-02   6.81451416       257.122314    
   5.79999978E-05   7.00000003E-02   6.72010803       233.089859    
   5.99999985E-05   7.00000003E-02   6.74887085       207.193405    
   6.20000064E-05   7.00000003E-02   6.86346436       178.832016    
   6.39999998E-05   7.00000003E-02   6.98762512       148.714462    
   6.59999932E-05   7.00000003E-02   7.12052917       118.472794    
   6.80000012E-05   7.00000003E-02   7.26292419       89.7882233    
   7.00000019E-05   7.00000003E-02   7.41687012       64.3199921    
   7.20000025E-05   7.00000003E-02   7.58229065       43.2009430    
   7.40000032E-05   7.00000003E-02   7.75735474       26.8803558    
   7.59999966E-05   7.00000003E-02   7.93951416       15.3122253    
   7.79999973E-05   7.00000003E-02   8.12634277       8.25332642    
   7.99999980E-05   7.00000003E-02   8.31652832       5.43545532    
   8.19999987E-05   7.00000003E-02   8.50888062       6.78440857    
   8.39999993E-05   7.00000003E-02   8.70227051       11.8543396    
   8.60000000E-05   7.00000003E-02   8.88639832       20.0014954    
   8.80000007E-05   7.00000003E-02   9.06295776       30.6669159    
   9.00000014E-05   7.00000003E-02   9.23927307       43.6285706    
   9.20000020E-05   7.00000003E-02   9.41656494       58.1904449    
   9.39999954E-05   7.00000003E-02   9.59574890       73.3927155    
   9.59999961E-05   7.00000003E-02   9.76083374       88.1235962    
   9.79999968E-05   7.00000003E-02   9.92276001       101.665237    
   9.99999975E-05   7.00000003E-02   10.0879822       113.613205    
   1.02000005E-04   7.00000003E-02   10.2572479       124.652603    
   1.04000006E-04   7.00000003E-02   10.4307556       135.494766    
   1.06000000E-04   7.00000003E-02   10.6091614       146.012955    
   1.08000000E-04   7.00000003E-02   10.7807465       156.302231    
   1.10000001E-04   7.00000003E-02   10.9442749       166.290573    
   1.11999994E-04   7.00000003E-02   11.1148071       175.968216    
   1.14000002E-04   7.00000003E-02   11.2870636       185.400681    
   1.16000003E-04   7.00000003E-02   11.4444885       194.473984    
   1.18000004E-04   7.00000003E-02   11.6103973       203.305771    
   1.20000004E-04   7.00000003E-02   11.7850800       211.771591    
   1.21999998E-04   7.00000003E-02   11.9692535       219.989792    
   1.24000013E-04   7.00000003E-02   12.1551971       227.825241    
   1.25999999E-04   7.00000003E-02   12.3304138       235.399429    
   1.28000014E-04   7.00000003E-02   12.5172882       242.595871    
   1.30000000E-04   7.00000003E-02   12.7029724       249.396591    
   1.32000001E-04   7.00000003E-02   12.8860626       255.877823    
   1.34000002E-04   7.00000003E-02   13.0825348       261.839844    
   1.36000002E-04   7.00000003E-02   13.2938690       267.718445    
   1.38000003E-04   7.00000003E-02   13.5199890       273.232178    
   1.40000004E-04   7.00000003E-02   13.7347412       278.270447    
   1.42000004E-04   7.00000003E-02   13.9650421       283.008118    
   1.43999991E-04   7.00000003E-02   14.2099915       287.518616    
   1.46000006E-04   7.00000003E-02   14.4488831       292.208252    
   1.47999992E-04   7.00000003E-02   14.7068024       297.089905    
   1.50000007E-04   7.00000003E-02   14.9837189       302.167847    
   1.51999993E-04   7.00000003E-02   15.2798309       307.451050    
   1.54000008E-04   7.00000003E-02   15.5926666       312.940735    
   1.55999995E-04   7.00000003E-02   15.9069672       318.640625    
   1.58000010E-04   7.00000003E-02   16.2423096       324.558167    
   1.59999996E-04   7.00000003E-02   16.5980377       330.689575    
   1.62000011E-04   7.00000003E-02   16.9748535       337.038574    
   1.63999997E-04   7.00000003E-02   17.3616638       343.601807    
   1.66000013E-04   7.00000003E-02   17.7680206       350.376587    
   1.67999999E-04   7.00000003E-02   18.1965637       357.364441    
   1.70000014E-04   7.00000003E-02   18.6467133       364.559814    
   1.72000000E-04   7.00000003E-02   19.1181641       371.958313    
   1.74000015E-04   7.00000003E-02   19.6105347       379.556519    
   1.76000001E-04   7.00000003E-02   20.1235199       387.351013    
   1.78000017E-04   7.00000003E-02   20.6565552       395.336731    
   1.80000003E-04   7.00000003E-02   21.2092743       403.505493    
   1.81999989E-04   7.00000003E-02   21.7810059       411.855225    
   1.84000004E-04   7.00000003E-02   22.3714752       420.375000    
   1.85999990E-04   7.00000003E-02   22.9800568       429.065125    
   1.88000005E-04   7.00000003E-02   23.6061401       437.912659    
   1.89999992E-04   7.00000003E-02   24.2494354       446.916199    
   1.92000007E-04   7.00000003E-02   24.8971100       456.063965    
   1.94000022E-04   7.00000003E-02   25.5577698       465.352661    
   1.96000008E-04   7.00000003E-02   26.2323151       474.780212    
   1.97999994E-04   7.00000003E-02   26.9204712       484.329590    
   2.00000009E-04   7.00000003E-02   27.6212616       494.005249    

   1.99999995E-05   7.99999982E-02   34.4414062       610.557556    
   2.20000002E-05   7.99999982E-02   27.9988251       587.663574    
   2.39999990E-05   7.99999982E-02   23.7675018       566.765076    
   2.59999997E-05   7.99999982E-02   20.6696472       546.889221    
   2.79999986E-05   7.99999982E-02   18.5348663       527.722900    
   2.99999992E-05   7.99999982E-02   17.0158844       509.071533    
   3.19999999E-05   7.99999982E-02   15.7826538       490.613159    
   3.40000006E-05   7.99999982E-02   14.7416229       472.246643    
   3.59999976E-05   7.99999982E-02   13.8403625       454.009766    
   3.79999983E-05   7.99999982E-02   13.0557861       435.906372    
   3.99999990E-05   7.99999982E-02   12.3654175       417.847351    
   4.19999997E-05   7.99999982E-02   11.7420044       399.378296    
   4.40000003E-05   7.99999982E-02   11.1739197       380.986450    
   4.60000010E-05   7.99999982E-02   10.6597137       362.052185    
   4.80000017E-05   7.99999982E-02   10.1891327       342.769592    
   5.00000024E-05   7.99999982E-02   9.76799011       323.289673    
   5.19999994E-05   7.99999982E-02   9.39295959       303.035095    
   5.40000001E-05   7.99999982E-02   9.08186340       281.549133    
   5.60000008E-05   7.99999982E-02   8.87013245       259.161621    
   5.79999978E-05   7.99999982E-02   8.75709534       235.344864    
   5.99999985E-05   7.99999982E-02   8.73762512       209.510239    
   6.20000064E-05   7.99999982E-02   8.82756042       181.305435    
   6.39999998E-05   7.99999982E-02   8.93798828       151.244400    
   6.59999932E-05   7.99999982E-02   9.05377197       121.053940    
   6.80000012E-05   7.99999982E-02   9.17756653       92.3381500    
   7.00000019E-05   7.99999982E-02   9.31103516       66.8117676    
   7.20000025E-05   7.99999982E-02   9.45422363       45.5928497    
   7.40000032E-05   7.99999982E-02   9.60571289       29.1980591    
   7.59999966E-05   7.99999982E-02   9.76280212       17.5439758    
   7.79999973E-05   7.99999982E-02   9.92373657       10.4206848    
   7.99999980E-05   7.99999982E-02   10.0861053       7.57141113    
   8.19999987E-05   7.99999982E-02   10.2482300       8.91339111    
   8.39999993E-05   7.99999982E-02   10.3966370       14.0175934    
   8.60000000E-05   7.99999982E-02   10.5430450       22.1653595    
   8.80000007E-05   7.99999982E-02   10.6878052       32.8855133    
   9.00000014E-05   7.99999982E-02   10.8316193       45.8540649    
   9.20000020E-05   7.99999982E-02   10.9747314       60.4144287    
   9.39999954E-05   7.99999982E-02   11.1184540       75.5903778    
   9.59999961E-05   7.99999982E-02   11.2637939       90.2757568    
   9.79999968E-05   7.99999982E-02   11.4005737       103.747482    
   9.99999975E-05   7.99999982E-02   11.5280914       115.610367    
   1.02000005E-04   7.99999982E-02   11.6580811       126.539902    
   1.04000006E-04   7.99999982E-02   11.7912598       137.258041    
   1.06000000E-04   7.99999982E-02   11.9038696       147.635605    
   1.08000000E-04   7.99999982E-02   12.0208893       157.786819    
   1.10000001E-04   7.99999982E-02   12.1423950       167.581955    
   1.11999994E-04   7.99999982E-02   12.2696686       177.146805    
   1.14000002E-04   7.99999982E-02   12.4029236       186.346085    
   1.16000003E-04   7.99999982E-02   12.5220337       195.287094    
   1.18000004E-04   7.99999982E-02   12.6414642       203.875107    
   1.20000004E-04   7.99999982E-02   12.7674255       212.106003    
   1.21999998E-04   7.99999982E-02   12.8736877       220.056564    
   1.24000013E-04   7.99999982E-02   12.9895630       227.599716    
   1.25999999E-04   7.99999982E-02   13.1141052       234.870804    
   1.28000014E-04   7.99999982E-02   13.2484283       241.733749    
   1.30000000E-04   7.99999982E-02   13.3753815       248.313553    
   1.32000001E-04   7.99999982E-02   13.5026855       254.476974    
   1.34000002E-04   7.99999982E-02   13.6372681       260.366272    
   1.36000002E-04   7.99999982E-02   13.7608948       265.854431    
   1.38000003E-04   7.99999982E-02   13.8986969       270.616638    
   1.40000004E-04   7.99999982E-02   14.0503693       275.260986    
   1.42000004E-04   7.99999982E-02   14.2165985       279.728394    
   1.43999991E-04   7.99999982E-02   14.3711243       284.157166    
   1.46000006E-04   7.99999982E-02   14.5415649       288.761902    
   1.47999992E-04   7.99999982E-02   14.7171478       293.548645    
   1.50000007E-04   7.99999982E-02   14.8966370       298.523987    
   1.51999993E-04   7.99999982E-02   15.0942078       303.696655    
   1.54000008E-04   7.99999982E-02   15.3099518       309.067017    
   1.55999995E-04   7.99999982E-02   15.5438385       314.640686    
   1.58000010E-04   7.99999982E-02   15.7795868       320.418396    
   1.59999996E-04   7.99999982E-02   16.0312042       326.401794    
   1.62000011E-04   7.99999982E-02   16.3026886       332.590942    
   1.63999997E-04   7.99999982E-02   16.5924683       338.984436    
   1.66000013E-04   7.99999982E-02   16.8896332       345.581299    
   1.67999999E-04   7.99999982E-02   17.2077942       352.377625    
   1.70000014E-04   7.99999982E-02   17.5466919       359.370972    
   1.72000000E-04   7.99999982E-02   17.9058380       366.555908    
   1.74000015E-04   7.99999982E-02   18.2853394       373.932129    
   1.76000001E-04   7.99999982E-02   18.6844177       381.492249    
   1.78000017E-04   7.99999982E-02   19.1026917       389.232971    
   1.80000003E-04   7.99999982E-02   19.5397797       397.147461    
   1.81999989E-04   7.99999982E-02   19.9953613       405.230103    
   1.84000004E-04   7.99999982E-02   20.4689178       413.477661    
   1.85999990E-04   7.99999982E-02   20.9599152       421.881226    
   1.88000005E-04   7.99999982E-02   21.4676361       430.433167    
   1.89999992E-04   7.99999982E-02   21.9919891       439.131042    
   1.92000007E-04   7.99999982E-02   22.5321808       447.969910    
   1.94000022E-04   7.99999982E-02   23.0880585       456.937195    
   1.96000008E-04   7.99999982E-02   23.6515350       466.033752    
   1.97999994E-04   7.99999982E-02   24.2221832       475.247986    
   2.00000009E-04   7.99999982E-02   24.8052979       484.578125    

   1.99999995E-05   9.00000036E-02   35.5799561       613.197693    
   2.20000002E-05   9.00000036E-02   29.3926086       590.436890    
   2.39999990E-05   9.00000036E-02   25.3323822       569.571289    
   2.59999997E-05   9.00000036E-02   22.3488159       549.677124    
   2.79999986E-05   9.00000036E-02   20.3125916       530.468872    
   2.99999992E-05   9.00000036E-02   18.8717651       511.749756    
   3.19999999E-05   9.00000036E-02   17.7099762       493.210144    
   3.40000006E-05   9.00000036E-02   16.7347107       474.751038    
   3.59999976E-05   9.00000036E-02   15.8947449       456.408386    
   3.79999983E-05   9.00000036E-02   15.1688080       438.190308    
   3.99999990E-05   9.00000036E-02   14.5327606       419.938599    
   4.19999997E-05   9.00000036E-02   13.9573975       401.370178    
   4.40000003E-05   9.00000036E-02   13.4257050       382.930603    
   4.60000010E-05   9.00000036E-02   12.9334412       363.932739    
   4.80000017E-05   9.00000036E-02   12.4765930       344.908936    
   5.00000024E-05   9.00000036E-02   12.0591278       325.304138    
   5.19999994E-05   9.00000036E-02   11.6789093       304.963806    
   5.40000001E-05   9.00000036E-02   11.3628387       283.714905    
   5.60000008E-05   9.00000036E-02   11.1336060       261.329529    
   5.79999978E-05   9.00000036E-02   10.9878235       237.558212    
   5.99999985E-05   9.00000036E-02   10.9228516       211.892136    
   6.20000064E-05   9.00000036E-02   10.9769897       183.858871    
   6.39999998E-05   9.00000036E-02   11.0717316       153.873032    
   6.59999932E-05   9.00000036E-02   11.1722717       123.772476    
   6.80000012E-05   9.00000036E-02   11.2792969       95.0836945    
   7.00000019E-05   9.00000036E-02   11.3943481       69.5162201    
   7.20000025E-05   9.00000036E-02   11.5182190       48.2325287    
   7.40000032E-05   9.00000036E-02   11.6497650       31.7426453    
   7.59999966E-05   9.00000036E-02   11.7838898       20.0668030    
   7.79999973E-05   9.00000036E-02   11.9211884       12.8892975    
   7.99999980E-05   9.00000036E-02   12.0596313       10.0037994    
   8.19999987E-05   9.00000036E-02   12.1983490       11.3609924    
   8.39999993E-05   9.00000036E-02   12.3353271       16.4860992    
   8.60000000E-05   9.00000036E-02   12.4709015       24.6324615    
   8.80000007E-05   9.00000036E-02   12.5900574       35.3756866    
   9.00000014E-05   9.00000036E-02   12.7046661       48.3370667    
   9.20000020E-05   9.00000036E-02   12.8182983       62.8903656    
   9.39999954E-05   9.00000036E-02   12.9312134       78.0304871    
   9.59999961E-05   9.00000036E-02   13.0246582       92.6441803    
   9.79999968E-05   9.00000036E-02   13.1186676       106.028580    
   9.99999975E-05   9.00000036E-02   13.2137756       117.796432    
   1.02000005E-04   9.00000036E-02   13.3102417       128.622787    
   1.04000006E-04   9.00000036E-02   13.4094543       139.221481    
   1.06000000E-04   9.00000036E-02   13.5067902       149.465317    
   1.08000000E-04   9.00000036E-02   13.5880127       159.466415    
   1.10000001E-04   9.00000036E-02   13.6732025       169.094894    
   1.11999994E-04   9.00000036E-02   13.7509766       178.476639    
   1.14000002E-04   9.00000036E-02   13.8201904       187.474014    
   1.16000003E-04   9.00000036E-02   13.8946075       196.203629    
   1.18000004E-04   9.00000036E-02   13.9746246       204.541550    
   1.20000004E-04   9.00000036E-02   14.0608673       212.605026    
   1.21999998E-04   9.00000036E-02   14.1301727       220.252853    
   1.24000013E-04   9.00000036E-02   14.2032318       227.620895    
   1.25999999E-04   9.00000036E-02   14.2673187       234.565109    
   1.28000014E-04   9.00000036E-02   14.3291931       241.177231    
   1.30000000E-04   9.00000036E-02   14.4002380       247.316055    
   1.32000001E-04   9.00000036E-02   14.4810181       253.080124    
   1.34000002E-04   9.00000036E-02   14.5560913       258.469788    
   1.36000002E-04   9.00000036E-02   14.6303101       263.528198    
   1.38000003E-04   9.00000036E-02   14.7032623       268.055542    
   1.40000004E-04   9.00000036E-02   14.7752838       272.433838    
   1.42000004E-04   9.00000036E-02   14.8606567       276.646362    
   1.43999991E-04   9.00000036E-02   14.9598999       281.015198    
   1.46000006E-04   9.00000036E-02   15.0560455       285.554199    
   1.47999992E-04   9.00000036E-02   15.1589813       290.268921    
   1.50000007E-04   9.00000036E-02   15.2653656       295.166565    
   1.51999993E-04   9.00000036E-02   15.3758240       300.250732    
   1.54000008E-04   9.00000036E-02   15.5031891       305.526794    
   1.55999995E-04   9.00000036E-02   15.6480255       310.998596    
   1.58000010E-04   9.00000036E-02   15.8041992       316.662109    
   1.59999996E-04   9.00000036E-02   15.9638367       322.524414    
   1.62000011E-04   9.00000036E-02   16.1419373       328.580322    
   1.63999997E-04   9.00000036E-02   16.3337860       334.832336    
   1.66000013E-04   9.00000036E-02   16.5341339       341.276428    
   1.67999999E-04   9.00000036E-02   16.7548676       347.909546    
   1.70000014E-04   9.00000036E-02   16.9952698       354.731567    
   1.72000000E-04   9.00000036E-02   17.2552185       361.734314    
   1.74000015E-04   9.00000036E-02   17.5345306       368.916016    
   1.76000001E-04   9.00000036E-02   17.8327026       376.272217    
   1.78000017E-04   9.00000036E-02   18.1494141       383.800537    
   1.80000003E-04   9.00000036E-02   18.4841003       391.490234    
   1.81999989E-04   9.00000036E-02   18.8363800       399.340210    
   1.84000004E-04   9.00000036E-02   19.2060547       407.346558    
   1.85999990E-04   9.00000036E-02   19.5928192       415.496399    
   1.88000005E-04   9.00000036E-02   19.9955597       423.788330    
   1.89999992E-04   9.00000036E-02   20.4142609       432.219299    
   1.92000007E-04   9.00000036E-02   20.8485565       440.780029    
   1.94000022E-04   9.00000036E-02   21.2976837       449.461060    
   1.96000008E-04   9.00000036E-02   21.7612915       458.260986    
   1.97999994E-04   9.00000036E-02   22.2388763       467.175598    
   2.00000009E-04   9.00000036E-02   22.7298889       476.196289    

   1.99999995E-05  0.100000001       36.8310852       615.454102    
   2.20000002E-05  0.100000001       30.9481506       592.843140    
   2.39999990E-05  0.100000001       27.0648804       572.023071    
   2.59999997E-05  0.100000001       24.2055817       552.126221    
   2.79999986E-05  0.100000001       22.2692566       532.887268    
   2.99999992E-05  0.100000001       20.9028015       514.113525    
   3.19999999E-05  0.100000001       19.8050079       495.503662    
   3.40000006E-05  0.100000001       18.8872986       476.961182    
   3.59999976E-05  0.100000001       18.1007538       458.524780    
   3.79999983E-05  0.100000001       17.4231567       440.206177    
   3.99999990E-05  0.100000001       16.8308868       421.815674    
   4.19999997E-05  0.100000001       16.2947998       403.158081    
   4.40000003E-05  0.100000001       15.8009338       384.623413    
   4.60000010E-05  0.100000001       15.3433380       365.658997    
   4.80000017E-05  0.100000001       14.9081116       346.655029    
   5.00000024E-05  0.100000001       14.4975281       327.113586    
   5.19999994E-05  0.100000001       14.1232758       306.662720    
   5.40000001E-05  0.100000001       13.8028870       285.660095    
   5.60000008E-05  0.100000001       13.5579071       263.458435    
   5.79999978E-05  0.100000001       13.4071960       239.741318    
   5.99999985E-05  0.100000001       13.3238831       214.275253    
   6.20000064E-05  0.100000001       13.3290710       186.369675    
   6.39999998E-05  0.100000001       13.3842468       156.553665    
   6.59999932E-05  0.100000001       13.4778900       126.573349    
   6.80000012E-05  0.100000001       13.5776062       97.9474335    
   7.00000019E-05  0.100000001       13.6846771       72.3655548    
   7.20000025E-05  0.100000001       13.7997437       51.0466003    
   7.40000032E-05  0.100000001       13.9139709       34.4931641    
   7.59999966E-05  0.100000001       14.0299377       22.7808075    
   7.79999973E-05  0.100000001       14.1475830       15.5455475    
   7.99999980E-05  0.100000001       14.2654266       12.6522980    
   8.19999987E-05  0.100000001       14.3820496       14.0164337    
   8.39999993E-05  0.100000001       14.4914093       19.1602478    
   8.60000000E-05  0.100000001       14.5878906       27.3239136    
   8.80000007E-05  0.100000001       14.6810455       38.0731812    
   9.00000014E-05  0.100000001       14.7713928       51.0202484    
   9.20000020E-05  0.100000001       14.8599091       65.5390167    
   9.39999954E-05  0.100000001       14.9462891       80.6061554    
   9.59999961E-05  0.100000001       15.0325317       95.1487274    
   9.79999968E-05  0.100000001       15.1059723       108.436386    
   9.99999975E-05  0.100000001       15.1727600       120.096939    
   1.02000005E-04  0.100000001       15.2406006       130.813705    
   1.04000006E-04  0.100000001       15.2910309       141.249130    
   1.06000000E-04  0.100000001       15.3403320       151.387741    
   1.08000000E-04  0.100000001       15.3918762       161.169418    
   1.10000001E-04  0.100000001       15.4461212       170.685532    
   1.11999994E-04  0.100000001       15.5037842       179.818802    
   1.14000002E-04  0.100000001       15.5421295       188.666000    
   1.16000003E-04  0.100000001       15.5832672       197.133926    
   1.18000004E-04  0.100000001       15.6100464       205.263290    
   1.20000004E-04  0.100000001       15.6365051       213.063187    
   1.21999998E-04  0.100000001       15.6680908       220.429367    
   1.24000013E-04  0.100000001       15.7059784       227.495285    
   1.25999999E-04  0.100000001       15.7316132       234.115433    
   1.28000014E-04  0.100000001       15.7565918       240.372696    
   1.30000000E-04  0.100000001       15.7675476       246.038559    
   1.32000001E-04  0.100000001       15.7823029       251.359726    
   1.34000002E-04  0.100000001       15.8065491       256.413208    
   1.36000002E-04  0.100000001       15.8363647       261.151001    
   1.38000003E-04  0.100000001       15.8536682       265.480835    
   1.40000004E-04  0.100000001       15.8717041       269.510010    
   1.42000004E-04  0.100000001       15.8857880       273.683472    
   1.43999991E-04  0.100000001       15.9136353       278.015137    
   1.46000006E-04  0.100000001       15.9534760       282.507446    
   1.47999992E-04  0.100000001       15.9843750       287.171021    
   1.50000007E-04  0.100000001       16.0253601       292.010559    
   1.51999993E-04  0.100000001       16.0587006       297.028870    
   1.54000008E-04  0.100000001       16.1082458       302.231934    
   1.55999995E-04  0.100000001       16.1746063       307.619690    
   1.58000010E-04  0.100000001       16.2494354       313.194092    
   1.59999996E-04  0.100000001       16.3276520       318.955811    
   1.62000011E-04  0.100000001       16.4219208       324.904419    
   1.63999997E-04  0.100000001       16.5179443       331.037537    
   1.66000013E-04  0.100000001       16.6332703       337.354065    
   1.67999999E-04  0.100000001       16.7681274       343.850037    
   1.70000014E-04  0.100000001       16.9215698       350.523376    
   1.72000000E-04  0.100000001       17.0939484       357.369019    
   1.74000015E-04  0.100000001       17.2788086       364.385803    
   1.76000001E-04  0.100000001       17.4791260       371.565613    
   1.78000017E-04  0.100000001       17.6990662       378.907104    
   1.80000003E-04  0.100000001       17.9381104       386.402588    
   1.81999989E-04  0.100000001       18.1961670       394.046570    
   1.84000004E-04  0.100000001       18.4725800       401.838135    
   1.85999990E-04  0.100000001       18.7667847       409.767029    
   1.88000005E-04  0.100000001       19.0784454       417.828857    
   1.89999992E-04  0.100000001       19.4071350       426.018860    
   1.92000007E-04  0.100000001       19.7523651       434.330322    
   1.94000022E-04  0.100000001       20.1131897       442.758423    
   1.96000008E-04  0.100000001       20.4898224       451.300659    
   1.97999994E-04  0.100000001       20.8804626       459.943970    
   2.00000009E-04  0.100000001       21.2759705       468.687805    

