  0.200000003       0.00000000       90.7477112       146.384750    
  0.210000008       0.00000000       83.3349915       131.653488    
  0.219999999       0.00000000       76.5036621       117.635452    
  0.230000004       0.00000000       70.2908936       104.945450    
  0.240000010       0.00000000       63.8965759       93.1353302    
  0.250000000       0.00000000       56.4385071       82.4448242    
  0.259999990       0.00000000       49.6277008       72.5134430    
  0.270000011       0.00000000       43.5395813       63.5680542    
  0.280000001       0.00000000       37.9919586       55.2902069    
  0.290000021       0.00000000       33.0263519       47.8550568    
  0.300000012       0.00000000       28.4815826       41.0040436    
  0.310000002       0.00000000       24.3628235       34.9096527    
  0.319999993       0.00000000       20.6251831       29.3461304    
  0.329999983       0.00000000       17.3204803       24.4454803    
  0.340000004       0.00000000       14.2629089       20.0187378    
  0.350000024       0.00000000       11.5745239       16.1878815    
  0.360000014       0.00000000       9.21060181       12.7682953    
  0.370000005       0.00000000       7.08897400       9.88201904    
  0.379999995       0.00000000       5.26513672       7.38235474    
  0.389999986       0.00000000       3.74595642       5.36940002    
  0.400000006       0.00000000       2.44694519       3.71064758    
  0.409999996       0.00000000       1.47532654       2.48330688    
  0.420000017       0.00000000      0.700195312       1.57905579    
  0.430000007       0.00000000      0.228927612       1.05961609    
  0.439999998       0.00000000       0.00000000      0.831848145    
  0.449999988       0.00000000       1.66625977E-02  0.957672119    
  0.459999979       0.00000000      0.306381226       1.36183167    
  0.470000029       0.00000000      0.818756104       2.08796692    
  0.480000019       0.00000000       1.58750916       3.07234192    
  0.490000010       0.00000000       2.61813354       4.34767151    
  0.500000000       0.00000000       3.85209656       5.85029602    
  0.509999990       0.00000000       5.35162354       7.62130737    
  0.519999981       0.00000000       7.07975769       9.61779785    
  0.530000031       0.00000000       9.03030396       11.8591156    
  0.540000021       0.00000000       11.2352753       14.3063965    
  0.550000012       0.00000000       13.6510315       16.9654388    
  0.560000002       0.00000000       16.2575531       19.8231659    
  0.569999993       0.00000000       19.1231232       22.8889618    
  0.579999983       0.00000000       22.1809692       26.1371307    
  0.589999974       0.00000000       25.4313049       29.5682678    
  0.600000024       0.00000000       28.9003448       33.1672211    
  0.610000014       0.00000000       32.5634613       36.9445648    
  0.620000005       0.00000000       36.4178467       40.8869476    
  0.629999995       0.00000000       40.4437561       45.0400696    
  0.639999986       0.00000000       44.6626587       49.4234161    
  0.649999976       0.00000000       49.0871429       54.0341034    
  0.660000026       0.00000000       53.6353760       58.8327484    
  0.670000017       0.00000000       58.3657074       63.8196106    
  0.680000007       0.00000000       63.2622070       68.9934845    
  0.689999998       0.00000000       68.3370514       74.3561401    
  0.699999988       0.00000000       73.5660095       79.8713531    

  0.200000003       9.99999978E-03   85.5761566       146.694138    
  0.210000008       9.99999978E-03   78.5727539       132.005875    
  0.219999999       9.99999978E-03   72.1820068       118.105301    
  0.230000004       9.99999978E-03   66.3238373       105.523575    
  0.240000010       9.99999978E-03   60.9179382       93.8009796    
  0.250000000       9.99999978E-03   55.9883575       83.2091827    
  0.259999990       9.99999978E-03   51.3843079       73.3496552    
  0.270000011       9.99999978E-03   45.9288788       64.4573517    
  0.280000001       9.99999978E-03   40.2863464       56.2158966    
  0.290000021       9.99999978E-03   35.2360077       48.8155060    
  0.300000012       9.99999978E-03   30.6339874       41.9839020    
  0.310000002       9.99999978E-03   26.4370728       35.8884125    
  0.319999993       9.99999978E-03   22.6079407       30.3010864    
  0.329999983       9.99999978E-03   19.2078857       25.3634033    
  0.340000004       9.99999978E-03   16.0891113       20.8814240    
  0.350000024       9.99999978E-03   13.2937622       16.9844208    
  0.360000014       9.99999978E-03   10.8002625       13.4854584    
  0.370000005       9.99999978E-03   8.59977722       10.5044403    
  0.379999995       9.99999978E-03   6.63008118       7.88952637    
  0.389999986       9.99999978E-03   4.98370361       5.74301147    
  0.400000006       9.99999978E-03   3.51846313       3.92991638    
  0.409999996       9.99999978E-03   2.35960388       2.53436279    
  0.420000017       9.99999978E-03   1.41430664       1.44401550    
  0.430000007       9.99999978E-03  0.723220825      0.727218628    
  0.439999998       9.99999978E-03  0.282852173      0.287338257    
  0.449999988       9.99999978E-03   4.58221436E-02  0.187438965    
  0.459999979       9.99999978E-03   5.41229248E-02  0.345092773    
  0.470000029       9.99999978E-03  0.299560547      0.805343628    
  0.480000019       9.99999978E-03  0.757919312       1.50549316    
  0.490000010       9.99999978E-03   1.47056580       2.48516846    
  0.500000000       9.99999978E-03   2.37942505       3.68273926    
  0.509999990       9.99999978E-03   3.51239014       5.13679504    
  0.519999981       9.99999978E-03   4.87687683       6.79113770    
  0.530000031       9.99999978E-03   6.44346619       8.67514038    
  0.540000021       9.99999978E-03   8.24548340       10.7501678    
  0.550000012       9.99999978E-03   10.2271271       13.0320282    
  0.560000002       9.99999978E-03   12.4017487       15.4970703    
  0.569999993       9.99999978E-03   14.8182831       18.1513824    
  0.579999983       9.99999978E-03   17.3892822       20.9710236    
  0.589999974       9.99999978E-03   20.1977844       23.9676056    
  0.600000024       9.99999978E-03   23.1694641       27.1217957    
  0.610000014       9.99999978E-03   26.3121033       30.4345398    
  0.620000005       9.99999978E-03   29.6470490       33.8946075    
  0.629999995       9.99999978E-03   33.1478882       37.5381927    
  0.639999986       9.99999978E-03   36.8542786       41.4077301    
  0.649999976       9.99999978E-03   40.6688080       45.4660492    
  0.660000026       9.99999978E-03   44.6987152       49.7376556    
  0.670000017       9.99999978E-03   48.9123993       54.2044373    
  0.680000007       9.99999978E-03   53.2206879       58.8168335    
  0.689999998       9.99999978E-03   57.6976776       63.6031799    
  0.699999988       9.99999978E-03   62.3179779       68.5369110    

  0.200000003       1.99999996E-02   80.4426727       146.956772    
  0.210000008       1.99999996E-02   73.8764038       132.313492    
  0.219999999       1.99999996E-02   67.8500671       118.562302    
  0.230000004       1.99999996E-02   62.3954620       106.109879    
  0.240000010       1.99999996E-02   57.3497620       94.4959564    
  0.250000000       1.99999996E-02   52.7526245       84.0225372    
  0.259999990       1.99999996E-02   48.4885864       74.2558441    
  0.270000011       1.99999996E-02   44.5956116       65.4370880    
  0.280000001       1.99999996E-02   40.9499664       57.2567902    
  0.290000021       1.99999996E-02   37.6114349       49.9127197    
  0.300000012       1.99999996E-02   32.9762268       43.1223145    
  0.310000002       1.99999996E-02   28.7456207       37.0517426    
  0.319999993       1.99999996E-02   24.8347626       31.4656982    
  0.329999983       1.99999996E-02   21.3533020       26.5168915    
  0.340000004       1.99999996E-02   18.1931763       22.0068512    
  0.350000024       1.99999996E-02   15.3096466       18.0720673    
  0.360000014       1.99999996E-02   12.7139282       14.5221252    
  0.370000005       1.99999996E-02   10.4509125       11.4764557    
  0.379999995       1.99999996E-02   8.35545349       8.78027344    
  0.389999986       1.99999996E-02   6.57966614       6.53109741    
  0.400000006       1.99999996E-02   5.00723267       4.59713745    
  0.409999996       1.99999996E-02   3.68554688       3.06788635    
  0.420000017       1.99999996E-02   2.60244751       1.82640076    
  0.430000007       1.99999996E-02   1.71755981      0.949279785    
  0.439999998       1.99999996E-02   1.07250977      0.336227417    
  0.449999988       1.99999996E-02  0.646026611       4.96063232E-02
  0.459999979       1.99999996E-02  0.418869019       0.00000000    
  0.470000029       1.99999996E-02  0.441436768      0.235595703    
  0.480000019       1.99999996E-02  0.627258301      0.693801880    
  0.490000010       1.99999996E-02   1.06407166       1.42016602    
  0.500000000       1.99999996E-02   1.68141174       2.35713196    
  0.509999990       1.99999996E-02   2.50871277       3.53903198    
  0.519999981       1.99999996E-02   3.55519104       4.89723206    
  0.530000031       1.99999996E-02   4.77258301       6.47094727    
  0.540000021       1.99999996E-02   6.21682739       8.22154236    
  0.550000012       1.99999996E-02   7.82318115       10.1748505    
  0.560000002       1.99999996E-02   9.63914490       12.2970581    
  0.569999993       1.99999996E-02   11.6198120       14.5886841    
  0.579999983       1.99999996E-02   13.8068237       17.0310822    
  0.589999974       1.99999996E-02   16.1626434       19.6449127    
  0.600000024       1.99999996E-02   18.7075806       22.4070892    
  0.610000014       1.99999996E-02   21.4100800       25.3085022    
  0.620000005       1.99999996E-02   24.2723694       28.3430481    
  0.629999995       1.99999996E-02   27.3279266       31.5450287    
  0.639999986       1.99999996E-02   30.5154419       34.9392700    
  0.649999976       1.99999996E-02   33.8755188       38.5386505    
  0.660000026       1.99999996E-02   37.3901825       42.3238983    
  0.670000017       1.99999996E-02   41.0848083       46.3013916    
  0.680000007       1.99999996E-02   44.8710175       50.4093933    
  0.689999998       1.99999996E-02   48.8103790       54.6790619    
  0.699999988       1.99999996E-02   52.8820496       59.0879364    

  0.200000003       3.00000012E-02   75.4219818       147.186020    
  0.210000008       3.00000012E-02   69.2775879       132.608536    
  0.219999999       3.00000012E-02   63.6186829       119.008835    
  0.230000004       3.00000012E-02   58.5233459       106.715012    
  0.240000010       3.00000012E-02   53.8220367       95.2422028    
  0.250000000       3.00000012E-02   49.5666199       84.8859100    
  0.259999990       3.00000012E-02   45.6112823       75.2337646    
  0.270000011       3.00000012E-02   42.0240173       66.5237885    
  0.280000001       3.00000012E-02   38.6840820       58.4280548    
  0.290000021       3.00000012E-02   35.6375580       51.1522675    
  0.300000012       3.00000012E-02   32.7788849       44.4156952    
  0.310000002       3.00000012E-02   30.1680450       38.3884583    
  0.319999993       3.00000012E-02   27.2933655       32.8376465    
  0.329999983       3.00000012E-02   23.7453308       27.9112244    
  0.340000004       3.00000012E-02   20.5101318       23.4031372    
  0.350000024       3.00000012E-02   17.5984192       19.4530182    
  0.360000014       3.00000012E-02   14.9141083       15.8706970    
  0.370000005       3.00000012E-02   12.5578613       12.7806549    
  0.379999995       3.00000012E-02   10.4030914       10.0234222    
  0.389999986       3.00000012E-02   8.51567078       7.70716858    
  0.400000006       3.00000012E-02   6.86116028       5.69111633    
  0.409999996       3.00000012E-02   5.40255737       4.06518555    
  0.420000017       3.00000012E-02   4.17819214       2.71101379    
  0.430000007       3.00000012E-02   3.16366577       1.70300293    
  0.439999998       3.00000012E-02   2.34449768      0.942108154    
  0.449999988       3.00000012E-02   1.75621033      0.496170044    
  0.459999979       3.00000012E-02   1.32595825      0.273803711    
  0.470000029       3.00000012E-02   1.15534973      0.330764771    
  0.480000019       3.00000012E-02   1.11039734      0.593856812    
  0.490000010       3.00000012E-02   1.30845642       1.11021423    
  0.500000000       3.00000012E-02   1.66821289       1.81593323    
  0.509999990       3.00000012E-02   2.23822021       2.75526428    
  0.519999981       3.00000012E-02   2.97996521       3.86303711    
  0.530000031       3.00000012E-02   3.90997314       5.17918396    
  0.540000021       3.00000012E-02   5.03706360       6.65411377    
  0.550000012       3.00000012E-02   6.31958008       8.31350708    
  0.560000002       3.00000012E-02   7.79708862       10.1281586    
  0.569999993       3.00000012E-02   9.43768311       12.1109772    
  0.579999983       3.00000012E-02   11.2418365       14.2298431    
  0.589999974       3.00000012E-02   13.2309113       16.5046997    
  0.600000024       3.00000012E-02   15.3651428       18.9111938    
  0.610000014       3.00000012E-02   17.6862946       21.4572906    
  0.620000005       3.00000012E-02   20.1340332       24.1230774    
  0.629999995       3.00000012E-02   22.7725372       26.9269714    
  0.639999986       3.00000012E-02   25.5128021       29.9064941    
  0.649999976       3.00000012E-02   28.4325104       33.0836639    
  0.660000026       3.00000012E-02   31.4940033       36.4353027    
  0.670000017       3.00000012E-02   34.7144165       39.9661560    
  0.680000007       3.00000012E-02   38.0267334       43.6216736    
  0.689999998       3.00000012E-02   41.5435333       47.4726105    
  0.699999988       3.00000012E-02   45.1266327       51.4147491    

  0.200000003       3.99999991E-02   70.5459442       147.216721    
  0.210000008       3.99999991E-02   64.7905273       132.847794    
  0.219999999       3.99999991E-02   59.5145721       119.418686    
  0.230000004       3.99999991E-02   54.7478638       107.303085    
  0.240000010       3.99999991E-02   50.3964691       95.9862518    
  0.250000000       3.99999991E-02   46.4402161       85.7680206    
  0.259999990       3.99999991E-02   42.8061829       76.2477264    
  0.270000011       3.99999991E-02   39.4983673       67.6646729    
  0.280000001       3.99999991E-02   36.4436798       59.6719208    
  0.290000021       3.99999991E-02   33.6742249       52.4825134    
  0.300000012       3.99999991E-02   31.0882111       45.8145294    
  0.310000002       3.99999991E-02   28.7357330       39.8571625    
  0.319999993       3.99999991E-02   26.5248108       34.3600616    
  0.329999983       3.99999991E-02   24.5165863       29.4748230    
  0.340000004       3.99999991E-02   22.6038208       24.9920807    
  0.350000024       3.99999991E-02   20.1215820       21.0480042    
  0.360000014       3.99999991E-02   17.3641510       17.4569702    
  0.370000005       3.99999991E-02   14.9349976       14.3460693    
  0.379999995       3.99999991E-02   12.7410736       11.5525513    
  0.389999986       3.99999991E-02   10.7580566       9.19430542    
  0.400000006       3.99999991E-02   9.00036621       7.12149048    
  0.409999996       3.99999991E-02   7.46826172       5.42958069    
  0.420000017       3.99999991E-02   6.11203003       3.98954773    
  0.430000007       3.99999991E-02   5.00242615       2.87988281    
  0.439999998       3.99999991E-02   4.02720642       2.00119019    
  0.449999988       3.99999991E-02   3.30770874       1.42721558    
  0.459999979       3.99999991E-02   2.70751953       1.06372070    
  0.470000029       3.99999991E-02   2.34724426      0.974807739    
  0.480000019       3.99999991E-02   2.12673950       1.07635498    
  0.490000010       3.99999991E-02   2.11383057       1.41732788    
  0.500000000       3.99999991E-02   2.26539612       1.92698669    
  0.509999990       3.99999991E-02   2.59939575       2.66023254    
  0.519999981       3.99999991E-02   3.10031128       3.55458069    
  0.530000031       3.99999991E-02   3.77059937       4.65074158    
  0.540000021       3.99999991E-02   4.61421204       5.88897705    
  0.550000012       3.99999991E-02   5.62301636       7.29388428    
  0.560000002       3.99999991E-02   6.80126953       8.84159851    
  0.569999993       3.99999991E-02   8.11444092       10.5566711    
  0.579999983       3.99999991E-02   9.61804199       12.3932343    
  0.589999974       3.99999991E-02   11.2449799       14.3728943    
  0.600000024       3.99999991E-02   13.0617981       16.4667969    
  0.610000014       3.99999991E-02   14.9899902       18.7015533    
  0.620000005       3.99999991E-02   17.1040344       21.0424805    
  0.629999995       3.99999991E-02   19.3203278       23.4984131    
  0.639999986       3.99999991E-02   21.7123871       26.1102600    
  0.649999976       3.99999991E-02   24.2329407       28.9133453    
  0.660000026       3.99999991E-02   26.8831329       31.8801727    
  0.670000017       3.99999991E-02   29.6562195       34.9903107    
  0.680000007       3.99999991E-02   32.5804138       38.2696075    
  0.689999998       3.99999991E-02   35.6137085       41.6759949    
  0.699999988       3.99999991E-02   38.8106232       45.2340393    

  0.200000003       5.00000007E-02   65.8436737       147.193558    
  0.210000008       5.00000007E-02   60.4588165       133.028580    
  0.219999999       5.00000007E-02   55.5619202       119.815933    
  0.230000004       5.00000007E-02   51.1268921       107.876724    
  0.240000010       5.00000007E-02   47.0778503       96.7390594    
  0.250000000       5.00000007E-02   43.4386139       86.6894531    
  0.259999990       5.00000007E-02   40.0857697       77.3140717    
  0.270000011       5.00000007E-02   37.0637054       68.8590851    
  0.280000001       5.00000007E-02   34.2720032       60.9908905    
  0.290000021       5.00000007E-02   31.7619934       53.9173584    
  0.300000012       5.00000007E-02   29.4268341       47.3498077    
  0.310000002       5.00000007E-02   27.3171234       41.4671478    
  0.319999993       5.00000007E-02   25.3529663       36.0372162    
  0.329999983       5.00000007E-02   23.5807495       31.2045593    
  0.340000004       5.00000007E-02   21.9045410       26.7615356    
  0.350000024       5.00000007E-02   20.3932343       22.8534698    
  0.360000014       5.00000007E-02   18.9501190       19.2817535    
  0.370000005       5.00000007E-02   17.5530701       16.1790009    
  0.379999995       5.00000007E-02   15.2924042       13.3759766    
  0.389999986       5.00000007E-02   13.2682800       10.9929047    
  0.400000006       5.00000007E-02   11.4200439       8.88050842    
  0.409999996       5.00000007E-02   9.83753967       7.13766479    
  0.420000017       5.00000007E-02   8.37213135       5.63430786    
  0.430000007       5.00000007E-02   7.16609192       4.45622253    
  0.439999998       5.00000007E-02   6.08389282       3.49484253    
  0.449999988       5.00000007E-02   5.22642517       2.82696533    
  0.459999979       5.00000007E-02   4.50599670       2.35177612    
  0.470000029       5.00000007E-02   3.98603821       2.13706970    
  0.480000019       5.00000007E-02   3.61930847       2.09979248    
  0.490000010       5.00000007E-02   3.41989136       2.29504395    
  0.500000000       5.00000007E-02   3.39584351       2.65144348    
  0.509999990       5.00000007E-02   3.52362061       3.22030640    
  0.519999981       5.00000007E-02   3.81886292       3.93028259    
  0.530000031       5.00000007E-02   4.26239014       4.82977295    
  0.540000021       5.00000007E-02   4.87033081       5.86152649    
  0.550000012       5.00000007E-02   5.61935425       7.05899048    
  0.560000002       5.00000007E-02   6.53511047       8.38377380    
  0.569999993       5.00000007E-02   7.59306335       9.85997009    
  0.579999983       5.00000007E-02   8.79212952       11.4466553    
  0.589999974       5.00000007E-02   10.1300659       13.1728516    
  0.600000024       5.00000007E-02   11.6146088       15.0034943    
  0.610000014       5.00000007E-02   13.2306061       16.9584808    
  0.620000005       5.00000007E-02   15.0106201       19.0088806    
  0.629999995       5.00000007E-02   16.9205322       21.1745453    
  0.639999986       5.00000007E-02   18.9388733       23.4521942    
  0.649999976       5.00000007E-02   21.0994263       25.9133759    
  0.660000026       5.00000007E-02   23.4238739       28.5482635    
  0.670000017       5.00000007E-02   25.8193359       31.3125916    
  0.680000007       5.00000007E-02   28.3753662       34.2350006    
  0.689999998       5.00000007E-02   31.0194092       37.2769928    
  0.699999988       5.00000007E-02   33.7728119       40.4225311    

  0.200000003       6.00000024E-02   61.3414459       147.073593    
  0.210000008       6.00000024E-02   56.3167419       133.131485    
  0.219999999       6.00000024E-02   51.7600861       120.152786    
  0.230000004       6.00000024E-02   47.6713562       108.407364    
  0.240000010       6.00000024E-02   43.9294434       97.4648285    
  0.250000000       6.00000024E-02   40.5669403       87.6013489    
  0.259999990       6.00000024E-02   37.4997253       78.3830261    
  0.270000011       6.00000024E-02   34.7460785       70.0739899    
  0.280000001       6.00000024E-02   32.2066193       62.3450928    
  0.290000021       6.00000024E-02   29.9373169       55.4026031    
  0.300000012       6.00000024E-02   27.8403015       48.9492340    
  0.310000002       6.00000024E-02   25.9570618       43.1633606    
  0.319999993       6.00000024E-02   24.2169800       37.8106689    
  0.329999983       6.00000024E-02   22.6581268       33.0486908    
  0.340000004       6.00000024E-02   21.2043915       28.6636658    
  0.350000024       6.00000024E-02   19.9044952       24.8062592    
  0.360000014       6.00000024E-02   18.6807251       21.2730103    
  0.370000005       6.00000024E-02   17.5794220       18.1981354    
  0.379999995       6.00000024E-02   16.5275421       15.4050903    
  0.389999986       6.00000024E-02   15.5748901       13.0171661    
  0.400000006       6.00000024E-02   14.0918732       10.8860016    
  0.409999996       6.00000024E-02   12.4385071       9.11358643    
  0.420000017       6.00000024E-02   10.9141541       7.56950378    
  0.430000007       6.00000024E-02   9.61326599       6.34550476    
  0.439999998       6.00000024E-02   8.45629883       5.32562256    
  0.449999988       6.00000024E-02   7.48114014       4.58799744    
  0.459999979       6.00000024E-02   6.66877747       4.02598572    
  0.470000029       6.00000024E-02   6.00737000       3.71182251    
  0.480000019       6.00000024E-02   5.52192688       3.56190491    
  0.490000010       6.00000024E-02   5.17016602       3.63941956    
  0.500000000       6.00000024E-02   4.97860718       3.87028503    
  0.509999990       6.00000024E-02   4.93699646       4.30331421    
  0.519999981       6.00000024E-02   5.04902649       4.85899353    
  0.530000031       6.00000024E-02   5.29545593       5.59217834    
  0.540000021       6.00000024E-02   5.69410706       6.44871521    
  0.550000012       6.00000024E-02   6.23254395       7.47067261    
  0.560000002       6.00000024E-02   6.90934753       8.60481262    
  0.569999993       6.00000024E-02   7.72834778       9.87539673    
  0.579999983       6.00000024E-02   8.67863464       11.2463074    
  0.589999974       6.00000024E-02   9.75852966       12.7531281    
  0.600000024       6.00000024E-02   10.9705505       14.3558044    
  0.610000014       6.00000024E-02   12.3325653       16.0669403    
  0.620000005       6.00000024E-02   13.7964020       17.8634491    
  0.629999995       6.00000024E-02   15.4156952       19.7758789    
  0.639999986       6.00000024E-02   17.1203003       21.7682190    
  0.649999976       6.00000024E-02   18.9763641       23.9303589    
  0.660000026       6.00000024E-02   20.9654846       26.2577057    
  0.670000017       6.00000024E-02   23.0438843       28.7150116    
  0.680000007       6.00000024E-02   25.2486115       31.3187408    
  0.689999998       6.00000024E-02   27.5608215       34.0368500    
  0.699999988       6.00000024E-02   30.0007172       36.8923492    

  0.200000003       7.00000003E-02   57.0595398       146.862045    
  0.210000008       7.00000003E-02   52.3845825       133.177597    
  0.219999999       7.00000003E-02   48.1598511       120.428635    
  0.230000004       7.00000003E-02   44.3797607       108.918228    
  0.240000010       7.00000003E-02   40.9500732       98.1781769    
  0.250000000       7.00000003E-02   37.8796082       88.5021057    
  0.259999990       7.00000003E-02   35.0693665       79.4713898    
  0.270000011       7.00000003E-02   32.5595703       71.3340302    
  0.280000001       7.00000003E-02   30.2781067       63.7522736    
  0.290000021       7.00000003E-02   28.2311707       56.9433136    
  0.300000012       7.00000003E-02   26.3630524       50.6138000    
  0.310000002       7.00000003E-02   24.6938019       44.9456024    
  0.319999993       7.00000003E-02   23.1674347       39.6993713    
  0.329999983       7.00000003E-02   21.8097992       35.0289001    
  0.340000004       7.00000003E-02   20.5541840       30.7172699    
  0.350000024       7.00000003E-02   19.4453430       26.9201355    
  0.360000014       7.00000003E-02   18.4147797       23.4346008    
  0.370000005       7.00000003E-02   17.5007324       20.3955841    
  0.379999995       7.00000003E-02   16.6429749       17.6294861    
  0.389999986       7.00000003E-02   15.8839111       15.2622375    
  0.400000006       7.00000003E-02   15.1557465       13.1386108    
  0.409999996       7.00000003E-02   14.5039978       11.3634186    
  0.420000017       7.00000003E-02   13.6968384       9.80151367    
  0.430000007       7.00000003E-02   12.3125610       8.54452515    
  0.439999998       7.00000003E-02   11.0992889       7.47966003    
  0.449999988       7.00000003E-02   10.0309601       6.68826294    
  0.459999979       7.00000003E-02   9.12065125       6.06526184    
  0.470000029       7.00000003E-02   8.36555481       5.68225098    
  0.480000019       7.00000003E-02   7.75044250       5.45201111    
  0.490000010       7.00000003E-02   7.28804016       5.43545532    
  0.500000000       7.00000003E-02   6.95172119       5.55668640    
  0.509999990       7.00000003E-02   6.77478027       5.87219238    
  0.519999981       7.00000003E-02   6.72010803       6.30453491    
  0.530000031       7.00000003E-02   6.81207275       6.90931702    
  0.540000021       7.00000003E-02   7.02925110       7.62290955    
  0.550000012       7.00000003E-02   7.37977600       8.48609924    
  0.560000002       7.00000003E-02   7.85638428       9.45332336    
  0.569999993       7.00000003E-02   8.46179199       10.5562286    
  0.579999983       7.00000003E-02   9.20553589       11.7469330    
  0.589999974       7.00000003E-02   10.0630188       13.0615082    
  0.600000024       7.00000003E-02   11.0242615       14.4592438    
  0.610000014       7.00000003E-02   12.1436005       15.9667358    
  0.620000005       7.00000003E-02   13.3333282       17.5482025    
  0.629999995       7.00000003E-02   14.6919250       19.2308655    
  0.639999986       7.00000003E-02   16.1443481       20.9822235    
  0.649999976       7.00000003E-02   17.7017365       22.8770294    
  0.660000026       7.00000003E-02   19.3995972       24.9293060    
  0.670000017       7.00000003E-02   21.1809998       27.1096649    
  0.680000007       7.00000003E-02   23.0904694       29.4293671    
  0.689999998       7.00000003E-02   25.0882874       31.8633270    
  0.699999988       7.00000003E-02   27.1826782       34.3863678    

  0.200000003       7.99999982E-02   53.0047913       146.531784    
  0.210000008       7.99999982E-02   48.6785431       133.122849    
  0.219999999       7.99999982E-02   44.7776337       120.619827    
  0.230000004       7.99999982E-02   41.2982635       109.359665    
  0.240000010       7.99999982E-02   38.1539154       98.8359222    
  0.250000000       7.99999982E-02   35.3495331       89.3620148    
  0.259999990       7.99999982E-02   32.8107910       80.5327301    
  0.270000011       7.99999982E-02   30.5531769       72.5803680    
  0.280000001       7.99999982E-02   28.4943542       65.1583405    
  0.290000021       7.99999982E-02   26.6685486       58.4963989    
  0.300000012       7.99999982E-02   25.0178833       52.3033295    
  0.310000002       7.99999982E-02   23.5496521       46.7657776    
  0.319999993       7.99999982E-02   22.2218781       41.6375885    
  0.329999983       7.99999982E-02   21.0466614       37.0727997    
  0.340000004       7.99999982E-02   19.9786835       32.8490906    
  0.350000024       7.99999982E-02   19.0483704       29.1259613    
  0.360000014       7.99999982E-02   18.1931305       25.7017822    
  0.370000005       7.99999982E-02   17.4506836       22.7143707    
  0.379999995       7.99999982E-02   16.7632904       19.9902344    
  0.389999986       7.99999982E-02   16.1752930       17.6583099    
  0.400000006       7.99999982E-02   15.6183014       15.5584564    
  0.409999996       7.99999982E-02   15.1427765       13.7977600    
  0.420000017       7.99999982E-02   14.6789703       12.2351685    
  0.430000007       7.99999982E-02   14.2739105       10.9634094    
  0.439999998       7.99999982E-02   13.8582001       9.87188721    
  0.449999988       7.99999982E-02   12.8267822       9.04554749    
  0.459999979       7.99999982E-02   11.8246155       8.37950134    
  0.470000029       7.99999982E-02   11.0036926       7.94987488    
  0.480000019       7.99999982E-02   10.2753143       7.66084290    
  0.490000010       7.99999982E-02   9.72898865       7.57141113    
  0.500000000       7.99999982E-02   9.26716614       7.60456848    
  0.509999990       7.99999982E-02   8.97924805       7.82533264    
  0.519999981       7.99999982E-02   8.77970886       8.15892029    
  0.530000031       7.99999982E-02   8.73762512       8.65907288    
  0.540000021       7.99999982E-02   8.78564453       9.25422668    
  0.550000012       7.99999982E-02   8.99217224       9.98416138    
  0.560000002       7.99999982E-02   9.29574585       10.8102570    
  0.569999993       7.99999982E-02   9.71929932       11.7721558    
  0.579999983       7.99999982E-02   10.2665558       12.8100433    
  0.589999974       7.99999982E-02   10.9234161       13.9597931    
  0.600000024       7.99999982E-02   11.6916504       15.1811981    
  0.610000014       7.99999982E-02   12.5859985       16.5139618    
  0.620000005       7.99999982E-02   13.5689392       17.9098969    
  0.629999995       7.99999982E-02   14.6822357       19.3924103    
  0.639999986       7.99999982E-02   15.8774567       20.9387360    
  0.649999976       7.99999982E-02   17.2080536       22.6068115    
  0.660000026       7.99999982E-02   18.6103516       24.3999329    
  0.670000017       7.99999982E-02   20.1545563       26.3488617    
  0.680000007       7.99999982E-02   21.7661438       28.3961334    
  0.689999998       7.99999982E-02   23.5280457       30.6050110    
  0.699999988       7.99999982E-02   25.3371429       32.8713837    

  0.200000003       9.00000036E-02   49.1901550       146.100296    
  0.210000008       9.00000036E-02   45.2163391       132.976944    
  0.219999999       9.00000036E-02   41.6247101       120.752029    
  0.230000004       9.00000036E-02   38.4379425       109.734360    
  0.240000010       9.00000036E-02   35.5729065       99.4571991    
  0.250000000       9.00000036E-02   33.0292664       90.2079010    
  0.259999990       9.00000036E-02   30.7365417       81.5786896    
  0.270000011       9.00000036E-02   28.7067413       73.8129883    
  0.280000001       9.00000036E-02   26.8776855       66.5762634    
  0.290000021       9.00000036E-02   25.2684326       60.0843201    
  0.300000012       9.00000036E-02   23.8197632       54.0423889    
  0.310000002       9.00000036E-02   22.5427094       48.6406860    
  0.319999993       9.00000036E-02   21.3995514       43.6347046    
  0.329999983       9.00000036E-02   20.4047089       39.1788483    
  0.340000004       9.00000036E-02   19.5121307       35.0604095    
  0.350000024       9.00000036E-02   18.7418671       31.4319153    
  0.360000014       9.00000036E-02   18.0492401       28.0905457    
  0.370000005       9.00000036E-02   17.4638977       25.1735992    
  0.379999995       9.00000036E-02   16.9333038       22.5063782    
  0.389999986       9.00000036E-02   16.4934235       20.2172852    
  0.400000006       9.00000036E-02   16.0907288       18.1493530    
  0.409999996       9.00000036E-02   15.7625427       16.4100952    
  0.420000017       9.00000036E-02   15.4523163       14.8609467    
  0.430000007       9.00000036E-02   15.2030792       13.5983429    
  0.439999998       9.00000036E-02   14.9564972       12.5051117    
  0.449999988       9.00000036E-02   14.7555847       11.6670685    
  0.459999979       9.00000036E-02   14.5322266       10.9743042    
  0.470000029       9.00000036E-02   13.8687744       10.5061340    
  0.480000019       9.00000036E-02   13.0561218       10.1686401    
  0.490000010       9.00000036E-02   12.4292603       10.0282593    
  0.500000000       9.00000036E-02   11.8671417       10.0037994    
  0.509999990       9.00000036E-02   11.4801788       10.1575165    
  0.519999981       9.00000036E-02   11.1629486       10.4079437    
  0.530000031       9.00000036E-02   11.0116577       10.8150330    
  0.540000021       9.00000036E-02   10.9228516       11.3104248    
  0.550000012       9.00000036E-02   10.9942932       11.9411011    
  0.560000002       9.00000036E-02   11.1356812       12.6556091    
  0.569999993       9.00000036E-02   11.4204254       13.4918671    
  0.579999983       9.00000036E-02   11.7921448       14.3962097    
  0.589999974       9.00000036E-02   12.2737579       15.4108887    
  0.600000024       9.00000036E-02   12.8636780       16.4898529    
  0.610000014       9.00000036E-02   13.5555115       17.6652374    
  0.620000005       9.00000036E-02   14.3445129       18.8967438    
  0.629999995       9.00000036E-02   15.2558136       20.2164917    
  0.639999986       9.00000036E-02   16.2417908       21.5846405    
  0.649999976       9.00000036E-02   17.3358765       23.0465546    
  0.660000026       9.00000036E-02   18.5370636       24.6325378    
  0.670000017       9.00000036E-02   19.8278351       26.3525696    
  0.680000007       9.00000036E-02   21.2257538       28.1992340    
  0.689999998       9.00000036E-02   22.7159576       30.1580200    
  0.699999988       9.00000036E-02   24.2830048       32.1955719    

  0.200000003      0.100000001       45.6415100       145.529465    
  0.210000008      0.100000001       41.9960022       132.707565    
  0.219999999      0.100000001       38.7121277       120.775375    
  0.230000004      0.100000001       35.8076630       110.013687    
  0.240000010      0.100000001       33.2139130       99.9961700    
  0.250000000      0.100000001       30.9246368       90.9838715    
  0.259999990      0.100000001       28.8739319       82.5667267    
  0.270000011      0.100000001       27.0679932       74.9985199    
  0.280000001      0.100000001       25.4524689       67.9585876    
  0.290000021      0.100000001       24.0392303       61.6474762    
  0.300000012      0.100000001       22.7770996       55.7702789    
  0.310000002      0.100000001       21.6871338       50.5093842    
  0.319999993      0.100000001       20.7203522       45.6387634    
  0.329999983      0.100000001       19.8954926       41.3051758    
  0.340000004      0.100000001       19.1604767       37.2995300    
  0.350000024      0.100000001       18.5502014       33.7766266    
  0.360000014      0.100000001       18.0070801       30.5292969    
  0.370000005      0.100000001       17.5646210       27.6959229    
  0.379999995      0.100000001       17.1767120       25.0965576    
  0.389999986      0.100000001       16.8737183       22.8625336    
  0.400000006      0.100000001       16.6061401       20.8384857    
  0.409999996      0.100000001       16.4092865       19.1342773    
  0.420000017      0.100000001       16.2346497       17.6121674    
  0.430000007      0.100000001       16.1165314       16.3720703    
  0.439999998      0.100000001       16.0073700       15.2913361    
  0.449999988      0.100000001       15.9429016       14.4559937    
  0.459999979      0.100000001       15.8702240       13.7523193    
  0.470000029      0.100000001       15.8298798       13.2618713    
  0.480000019      0.100000001       15.7616882       12.8924255    
  0.490000010      0.100000001       15.3305206       12.7170868    
  0.500000000      0.100000001       14.7080231       12.6522980    
  0.509999990      0.100000001       14.2210846       12.7571564    
  0.519999981      0.100000001       13.8204803       12.9429321    
  0.530000031      0.100000001       13.5569305       13.2757721    
  0.540000021      0.100000001       13.3659363       13.6917114    
  0.550000012      0.100000001       13.3238831       14.2428894    
  0.560000002      0.100000001       13.3309631       14.8665466    
  0.569999993      0.100000001       13.4896240       15.5971680    
  0.579999983      0.100000001       13.7150269       16.3902740    
  0.589999974      0.100000001       14.0552063       17.2919464    
  0.600000024      0.100000001       14.4834290       18.2507629    
  0.610000014      0.100000001       15.0130005       19.2920380    
  0.620000005      0.100000001       15.6213074       20.3824615    
  0.629999995      0.100000001       16.3569946       21.5636597    
  0.639999986      0.100000001       17.1612701       22.7787628    
  0.649999976      0.100000001       18.0670471       24.0731354    
  0.660000026      0.100000001       19.0523224       25.4682922    
  0.670000017      0.100000001       20.1476898       27.0014496    
  0.680000007      0.100000001       21.3104706       28.6357422    
  0.689999998      0.100000001       22.5843506       30.3943634    
  0.699999988      0.100000001       23.9287262       32.2308807    

