 0.5 0.00000E+00  0.00000E+00  0.00000E+00  0.00000E+00  0.00000E+00  0.00000E+00  0.00000E+00  0.00000E+00  0.00000E+00  0.00000E+00  0.00000E+00  0.00000E+00  0.00000E+00  0.00000E+00  0.00000E+00  0.00000E+00  0.00000E+00  0.00000E+00  0.00000E+00  0.00000E+00  0.00000E+00
 0.6 0.00000E+00  0.00000E+00  0.00000E+00  0.00000E+00  0.00000E+00  0.00000E+00  0.00000E+00  0.00000E+00  0.00000E+00  0.00000E+00  0.00000E+00  0.00000E+00  0.00000E+00  0.00000E+00  0.00000E+00  0.00000E+00  0.00000E+00  0.00000E+00  0.00000E+00  0.00000E+00  0.00000E+00
 0.7 0.00000E+00  0.00000E+00  0.00000E+00  0.00000E+00  0.00000E+00  0.00000E+00  0.00000E+00  0.00000E+00  0.00000E+00  0.00000E+00  0.00000E+00  0.00000E+00  0.00000E+00  0.00000E+00  0.00000E+00  0.00000E+00  0.00000E+00  0.00000E+00  0.00000E+00  0.00000E+00  0.00000E+00
 0.8 0.00000E+00  0.00000E+00  0.00000E+00  0.00000E+00  0.00000E+00  0.00000E+00  0.00000E+00  0.00000E+00  0.00000E+00  0.00000E+00  0.00000E+00  0.00000E+00  0.00000E+00  0.00000E+00  0.00000E+00  0.00000E+00  0.00000E+00  0.00000E+00  0.00000E+00  0.00000E+00  0.00000E+00
 0.9 0.00000E+00  0.00000E+00  0.00000E+00  0.00000E+00  0.00000E+00  0.00000E+00  0.00000E+00  0.00000E+00  0.00000E+00  0.00000E+00  0.00000E+00  0.00000E+00  0.00000E+00  0.00000E+00  0.00000E+00  0.00000E+00  0.00000E+00  0.00000E+00  0.00000E+00  0.00000E+00  0.00000E+00
 1.0 0.00000E+00  0.00000E+00  0.00000E+00  0.00000E+00  0.00000E+00  0.00000E+00  0.00000E+00  0.00000E+00  0.00000E+00  0.00000E+00  0.00000E+00  0.00000E+00  0.00000E+00  0.00000E+00  0.00000E+00  0.00000E+00  0.00000E+00  0.00000E+00  0.00000E+00  0.00000E+00  0.00000E+00
 1.1 0.00000E+00  0.00000E+00  0.00000E+00  0.00000E+00  0.00000E+00  0.00000E+00  0.00000E+00  0.00000E+00  0.00000E+00  0.00000E+00  0.00000E+00  0.00000E+00  0.00000E+00  0.00000E+00  0.00000E+00  0.00000E+00  0.00000E+00  0.00000E+00  0.00000E+00  0.00000E+00  0.00000E+00
 1.2 0.00000E+00  0.00000E+00  0.00000E+00  0.00000E+00  0.00000E+00  0.00000E+00  0.00000E+00  0.00000E+00  0.00000E+00  0.00000E+00  0.00000E+00  0.00000E+00  0.00000E+00  0.00000E+00  0.00000E+00  0.00000E+00  0.00000E+00  0.00000E+00  0.00000E+00  0.00000E+00  0.00000E+00
 1.3 0.00000E+00  0.00000E+00  0.00000E+00  0.00000E+00  0.00000E+00  0.00000E+00  0.00000E+00  0.00000E+00  0.00000E+00  0.00000E+00  0.00000E+00  0.00000E+00  0.00000E+00  0.00000E+00  0.00000E+00  0.00000E+00  0.00000E+00  0.00000E+00  0.00000E+00  0.00000E+00  0.00000E+00
 1.4 0.00000E+00  0.00000E+00  0.00000E+00  0.00000E+00  0.00000E+00  0.00000E+00  0.00000E+00  0.00000E+00  0.00000E+00  0.00000E+00  0.00000E+00  0.00000E+00  0.00000E+00  0.00000E+00  0.00000E+00  0.00000E+00  0.00000E+00  0.00000E+00  0.00000E+00  0.00000E+00  0.00000E+00
 1.5 0.00000E+00  0.00000E+00  0.00000E+00  0.00000E+00  0.00000E+00  0.00000E+00  0.00000E+00  0.00000E+00  0.00000E+00  0.00000E+00  0.00000E+00  0.00000E+00  0.00000E+00  0.00000E+00  0.00000E+00  0.00000E+00  0.00000E+00  0.00000E+00  0.00000E+00  0.00000E+00  0.00000E+00
 1.6 0.00000E+00  0.00000E+00  0.00000E+00  0.00000E+00  0.00000E+00  0.00000E+00  0.00000E+00  0.00000E+00  0.00000E+00  0.00000E+00  0.00000E+00  0.00000E+00  0.00000E+00  0.00000E+00  0.00000E+00  0.00000E+00  0.00000E+00  0.00000E+00  0.00000E+00  0.00000E+00  0.00000E+00
 1.7 0.00000E+00  0.00000E+00  0.00000E+00  0.00000E+00  0.00000E+00  0.00000E+00  0.00000E+00  0.00000E+00  0.00000E+00  0.00000E+00  0.00000E+00  0.00000E+00  0.00000E+00  0.00000E+00  0.00000E+00  0.00000E+00  0.00000E+00  0.00000E+00  0.00000E+00  0.00000E+00  0.00000E+00
 1.8 0.00000E+00  0.00000E+00  0.00000E+00  0.00000E+00  0.00000E+00  0.00000E+00  0.00000E+00  0.00000E+00  0.00000E+00  0.00000E+00  0.00000E+00  0.00000E+00  0.00000E+00  0.00000E+00  0.00000E+00  0.00000E+00  0.00000E+00  0.00000E+00  0.00000E+00  0.00000E+00  0.00000E+00
 1.9 0.00000E+00  0.00000E+00  0.00000E+00  0.00000E+00  0.00000E+00  0.00000E+00  0.00000E+00  0.00000E+00  0.00000E+00  0.00000E+00  0.00000E+00  0.00000E+00  0.00000E+00  0.00000E+00  0.00000E+00  0.00000E+00  0.00000E+00  0.00000E+00  0.00000E+00  0.00000E+00  0.00000E+00
 2.0 0.00000E+00  0.00000E+00  0.00000E+00  0.00000E+00  0.00000E+00  0.00000E+00  0.00000E+00  0.00000E+00  0.00000E+00  0.00000E+00  0.00000E+00  0.00000E+00  0.00000E+00  0.00000E+00  0.00000E+00  0.00000E+00  0.00000E+00  0.00000E+00  0.00000E+00  0.00000E+00  0.00000E+00
 2.1 0.00000E+00  0.00000E+00  0.00000E+00  0.00000E+00  0.00000E+00  0.00000E+00  0.00000E+00  0.00000E+00  0.00000E+00  0.00000E+00  0.00000E+00  0.00000E+00  0.00000E+00  0.00000E+00  0.00000E+00  0.00000E+00  0.00000E+00  0.00000E+00  0.00000E+00  0.00000E+00  0.00000E+00
 2.2 0.27682E-09  0.00000E+00  0.00000E+00  0.00000E+00  0.00000E+00  0.00000E+00  0.00000E+00  0.00000E+00  0.00000E+00  0.00000E+00  0.00000E+00  0.00000E+00  0.00000E+00  0.00000E+00  0.00000E+00  0.00000E+00  0.00000E+00  0.00000E+00  0.00000E+00  0.00000E+00  0.00000E+00
 2.3 0.11961E-08  0.00000E+00  0.00000E+00  0.00000E+00  0.00000E+00  0.00000E+00  0.00000E+00  0.00000E+00  0.00000E+00  0.00000E+00  0.00000E+00  0.00000E+00  0.00000E+00  0.00000E+00  0.00000E+00  0.00000E+00  0.00000E+00  0.00000E+00  0.00000E+00  0.00000E+00  0.00000E+00
 2.4 0.43232E-08  0.00000E+00  0.00000E+00  0.00000E+00  0.00000E+00  0.00000E+00  0.00000E+00  0.00000E+00  0.00000E+00  0.00000E+00  0.00000E+00  0.00000E+00  0.00000E+00  0.00000E+00  0.00000E+00  0.00000E+00  0.00000E+00  0.00000E+00  0.00000E+00  0.00000E+00  0.00000E+00
 2.5 0.13804E-07  0.29796E-09  0.00000E+00  0.00000E+00  0.00000E+00  0.00000E+00  0.00000E+00  0.00000E+00  0.00000E+00  0.00000E+00  0.00000E+00  0.00000E+00  0.00000E+00  0.00000E+00  0.00000E+00  0.00000E+00  0.00000E+00  0.00000E+00  0.00000E+00  0.00000E+00  0.00000E+00
 2.6 0.39130E-07  0.11239E-08  0.00000E+00  0.00000E+00  0.00000E+00  0.00000E+00  0.00000E+00  0.00000E+00  0.00000E+00  0.00000E+00  0.00000E+00  0.00000E+00  0.00000E+00  0.00000E+00  0.00000E+00  0.00000E+00  0.00000E+00  0.00000E+00  0.00000E+00  0.00000E+00  0.00000E+00
 2.7 0.10099E-06  0.37769E-08  0.00000E+00  0.00000E+00  0.00000E+00  0.00000E+00  0.00000E+00  0.00000E+00  0.00000E+00  0.00000E+00  0.00000E+00  0.00000E+00  0.00000E+00  0.00000E+00  0.00000E+00  0.00000E+00  0.00000E+00  0.00000E+00  0.00000E+00  0.00000E+00  0.00000E+00
 2.8 0.23278E-06  0.11034E-07  0.30048E-09  0.00000E+00  0.00000E+00  0.00000E+00  0.00000E+00  0.00000E+00  0.00000E+00  0.00000E+00  0.00000E+00  0.00000E+00  0.00000E+00  0.00000E+00  0.00000E+00  0.00000E+00  0.00000E+00  0.00000E+00  0.00000E+00  0.00000E+00  0.00000E+00
 2.9 0.49945E-06  0.29514E-07  0.10285E-08  0.00000E+00  0.00000E+00  0.00000E+00  0.00000E+00  0.00000E+00  0.00000E+00  0.00000E+00  0.00000E+00  0.00000E+00  0.00000E+00  0.00000E+00  0.00000E+00  0.00000E+00  0.00000E+00  0.00000E+00  0.00000E+00  0.00000E+00  0.00000E+00
 3.0 0.99468E-06  0.71998E-07  0.31484E-08  0.00000E+00  0.00000E+00  0.00000E+00  0.00000E+00  0.00000E+00  0.00000E+00  0.00000E+00  0.00000E+00  0.00000E+00  0.00000E+00  0.00000E+00  0.00000E+00  0.00000E+00  0.00000E+00  0.00000E+00  0.00000E+00  0.00000E+00  0.00000E+00
 3.1 0.18597E-05  0.16246E-06  0.87699E-08  0.28980E-09  0.00000E+00  0.00000E+00  0.00000E+00  0.00000E+00  0.00000E+00  0.00000E+00  0.00000E+00  0.00000E+00  0.00000E+00  0.00000E+00  0.00000E+00  0.00000E+00  0.00000E+00  0.00000E+00  0.00000E+00  0.00000E+00  0.00000E+00
 3.2 0.32720E-05  0.33994E-06  0.22292E-07  0.91379E-09  0.00000E+00  0.00000E+00  0.00000E+00  0.00000E+00  0.00000E+00  0.00000E+00  0.00000E+00  0.00000E+00  0.00000E+00  0.00000E+00  0.00000E+00  0.00000E+00  0.00000E+00  0.00000E+00  0.00000E+00  0.00000E+00  0.00000E+00
 3.3 0.55103E-05  0.67416E-06  0.53122E-07  0.26690E-08  0.00000E+00  0.00000E+00  0.00000E+00  0.00000E+00  0.00000E+00  0.00000E+00  0.00000E+00  0.00000E+00  0.00000E+00  0.00000E+00  0.00000E+00  0.00000E+00  0.00000E+00  0.00000E+00  0.00000E+00  0.00000E+00  0.00000E+00
 3.4 0.87736E-05  0.12464E-05  0.11619E-06  0.70353E-08  0.27459E-09  0.00000E+00  0.00000E+00  0.00000E+00  0.00000E+00  0.00000E+00  0.00000E+00  0.00000E+00  0.00000E+00  0.00000E+00  0.00000E+00  0.00000E+00  0.00000E+00  0.00000E+00  0.00000E+00  0.00000E+00  0.00000E+00
 3.5 0.13292E-04  0.21647E-05  0.23545E-06  0.16920E-07  0.79727E-09  0.00000E+00  0.00000E+00  0.00000E+00  0.00000E+00  0.00000E+00  0.00000E+00  0.00000E+00  0.00000E+00  0.00000E+00  0.00000E+00  0.00000E+00  0.00000E+00  0.00000E+00  0.00000E+00  0.00000E+00  0.00000E+00
 3.6 0.19504E-04  0.36147E-05  0.45497E-06  0.38464E-07  0.21669E-08  0.00000E+00  0.00000E+00  0.00000E+00  0.00000E+00  0.00000E+00  0.00000E+00  0.00000E+00  0.00000E+00  0.00000E+00  0.00000E+00  0.00000E+00  0.00000E+00  0.00000E+00  0.00000E+00  0.00000E+00  0.00000E+00
 3.7 0.27636E-04  0.57774E-05  0.83350E-06  0.82036E-07  0.54632E-08  0.24467E-09  0.00000E+00  0.00000E+00  0.00000E+00  0.00000E+00  0.00000E+00  0.00000E+00  0.00000E+00  0.00000E+00  0.00000E+00  0.00000E+00  0.00000E+00  0.00000E+00  0.00000E+00  0.00000E+00  0.00000E+00
 3.8 0.38162E-04  0.89457E-05  0.14698E-05  0.16724E-06  0.13066E-07  0.69659E-09  0.00000E+00  0.00000E+00  0.00000E+00  0.00000E+00  0.00000E+00  0.00000E+00  0.00000E+00  0.00000E+00  0.00000E+00  0.00000E+00  0.00000E+00  0.00000E+00  0.00000E+00  0.00000E+00  0.00000E+00
 3.9 0.50588E-04  0.13143E-04  0.24279E-05  0.31494E-06  0.28435E-07  0.17754E-08  0.00000E+00  0.00000E+00  0.00000E+00  0.00000E+00  0.00000E+00  0.00000E+00  0.00000E+00  0.00000E+00  0.00000E+00  0.00000E+00  0.00000E+00  0.00000E+00  0.00000E+00  0.00000E+00  0.00000E+00
 4.0 0.66022E-04  0.18953E-04  0.39243E-05  0.57841E-06  0.60131E-07  0.43798E-08  0.22238E-09  0.00000E+00  0.00000E+00  0.00000E+00  0.00000E+00  0.00000E+00  0.00000E+00  0.00000E+00  0.00000E+00  0.00000E+00  0.00000E+00  0.00000E+00  0.00000E+00  0.00000E+00  0.00000E+00
 4.1 0.83210E-04  0.26118E-04  0.59915E-05  0.99082E-06  0.11699E-06  0.97959E-08  0.57862E-09  0.00000E+00  0.00000E+00  0.00000E+00  0.00000E+00  0.00000E+00  0.00000E+00  0.00000E+00  0.00000E+00  0.00000E+00  0.00000E+00  0.00000E+00  0.00000E+00  0.00000E+00  0.00000E+00
 4.2 0.10312E-03  0.35245E-04  0.89188E-05  0.16471E-05  0.21979E-06  0.21041E-07  0.14374E-08  0.00000E+00  0.00000E+00  0.00000E+00  0.00000E+00  0.00000E+00  0.00000E+00  0.00000E+00  0.00000E+00  0.00000E+00  0.00000E+00  0.00000E+00  0.00000E+00  0.00000E+00  0.00000E+00
 4.3 0.12606E-03  0.46775E-04  0.13017E-04  0.26759E-05  0.40216E-06  0.43856E-07  0.34512E-08  0.19517E-09  0.00000E+00  0.00000E+00  0.00000E+00  0.00000E+00  0.00000E+00  0.00000E+00  0.00000E+00  0.00000E+00  0.00000E+00  0.00000E+00  0.00000E+00  0.00000E+00  0.00000E+00
 4.4 0.14980E-03  0.59782E-04  0.18106E-04  0.40968E-05  0.68497E-06  0.83976E-07  0.75061E-08  0.48707E-09  0.00000E+00  0.00000E+00  0.00000E+00  0.00000E+00  0.00000E+00  0.00000E+00  0.00000E+00  0.00000E+00  0.00000E+00  0.00000E+00  0.00000E+00  0.00000E+00  0.00000E+00
 4.5 0.17584E-03  0.75240E-04  0.24723E-04  0.61361E-05  0.11373E-05  0.15615E-06  0.15789E-07  0.11704E-08  0.00000E+00  0.00000E+00  0.00000E+00  0.00000E+00  0.00000E+00  0.00000E+00  0.00000E+00  0.00000E+00  0.00000E+00  0.00000E+00  0.00000E+00  0.00000E+00  0.00000E+00
 4.6 0.20338E-03  0.92894E-04  0.32959E-04  0.89280E-05  0.18245E-05  0.27893E-06  0.31705E-07  0.26672E-08  0.16549E-09  0.00000E+00  0.00000E+00  0.00000E+00  0.00000E+00  0.00000E+00  0.00000E+00  0.00000E+00  0.00000E+00  0.00000E+00  0.00000E+00  0.00000E+00  0.00000E+00
 4.7 0.23194E-03  0.11259E-03  0.42930E-04  0.12628E-04  0.28299E-05  0.47892E-06  0.60819E-07  0.57681E-08  0.40707E-09  0.00000E+00  0.00000E+00  0.00000E+00  0.00000E+00  0.00000E+00  0.00000E+00  0.00000E+00  0.00000E+00  0.00000E+00  0.00000E+00  0.00000E+00  0.00000E+00
 4.8 0.26197E-03  0.13480E-03  0.55092E-04  0.17550E-04  0.43010E-05  0.80342E-06  0.11363E-06  0.12109E-07  0.96864E-09  0.00000E+00  0.00000E+00  0.00000E+00  0.00000E+00  0.00000E+00  0.00000E+00  0.00000E+00  0.00000E+00  0.00000E+00  0.00000E+00  0.00000E+00  0.00000E+00
 4.9 0.29073E-03  0.15750E-03  0.68476E-04  0.23428E-04  0.62218E-05  0.12703E-05  0.19803E-06  0.23450E-07  0.21012E-08  0.14204E-09  0.00000E+00  0.00000E+00  0.00000E+00  0.00000E+00  0.00000E+00  0.00000E+00  0.00000E+00  0.00000E+00  0.00000E+00  0.00000E+00  0.00000E+00
 5.0 0.32023E-03  0.18225E-03  0.84106E-04  0.30837E-04  0.88551E-05  0.19716E-05  0.33792E-06  0.44348E-07  0.44388E-08  0.33779E-09  0.00000E+00  0.00000E+00  0.00000E+00  0.00000E+00  0.00000E+00  0.00000E+00  0.00000E+00  0.00000E+00  0.00000E+00  0.00000E+00  0.00000E+00
 5.1 0.35027E-03  0.20901E-03  0.10219E-03  0.40076E-04  0.12420E-04  0.30098E-05  0.56603E-06  0.82153E-07  0.91642E-08  0.78317E-09  0.00000E+00  0.00000E+00  0.00000E+00  0.00000E+00  0.00000E+00  0.00000E+00  0.00000E+00  0.00000E+00  0.00000E+00  0.00000E+00  0.00000E+00
 5.2 0.37880E-03  0.23589E-03  0.12155E-03  0.50704E-04  0.16856E-04  0.44169E-05  0.90511E-06  0.14421E-06  0.17788E-07  0.16931E-08  0.12403E-09  0.00000E+00  0.00000E+00  0.00000E+00  0.00000E+00  0.00000E+00  0.00000E+00  0.00000E+00  0.00000E+00  0.00000E+00  0.00000E+00
 5.3 0.40553E-03  0.26240E-03  0.14182E-03  0.62584E-04  0.22188E-04  0.62477E-05  0.13857E-05  0.24064E-06  0.32575E-07  0.34257E-08  0.27912E-09  0.00000E+00  0.00000E+00  0.00000E+00  0.00000E+00  0.00000E+00  0.00000E+00  0.00000E+00  0.00000E+00  0.00000E+00  0.00000E+00
 5.4 0.43297E-03  0.29102E-03  0.16499E-03  0.77072E-04  0.29166E-04  0.88342E-05  0.21234E-05  0.40249E-06  0.59883E-07  0.69687E-08  0.63257E-09  0.00000E+00  0.00000E+00  0.00000E+00  0.00000E+00  0.00000E+00  0.00000E+00  0.00000E+00  0.00000E+00  0.00000E+00  0.00000E+00
 5.5 0.45745E-03  0.31777E-03  0.18786E-03  0.92267E-04  0.36994E-04  0.11958E-04  0.30883E-05  0.63310E-06  0.10253E-06  0.13069E-07  0.13074E-08  0.10243E-09  0.00000E+00  0.00000E+00  0.00000E+00  0.00000E+00  0.00000E+00  0.00000E+00  0.00000E+00  0.00000E+00  0.00000E+00
 5.6 0.48217E-03  0.34604E-03  0.21332E-03  0.11021E-03  0.46852E-04  0.16178E-04  0.44944E-05  0.99782E-06  0.17614E-06  0.24629E-07  0.27198E-08  0.23666E-09  0.00000E+00  0.00000E+00  0.00000E+00  0.00000E+00  0.00000E+00  0.00000E+00  0.00000E+00  0.00000E+00  0.00000E+00
 5.7 0.50465E-03  0.37285E-03  0.23871E-03  0.12914E-03  0.57927E-04  0.21254E-04  0.63163E-05  0.15096E-05  0.28864E-06  0.43978E-07  0.53232E-08  0.51068E-09  0.00000E+00  0.00000E+00  0.00000E+00  0.00000E+00  0.00000E+00  0.00000E+00  0.00000E+00  0.00000E+00  0.00000E+00
 5.8 0.52566E-03  0.39890E-03  0.26457E-03  0.14947E-03  0.70547E-04  0.27424E-04  0.86908E-05  0.22287E-05  0.45996E-06  0.76086E-07  0.10056E-07  0.10593E-08  0.00000E+00  0.00000E+00  0.00000E+00  0.00000E+00  0.00000E+00  0.00000E+00  0.00000E+00  0.00000E+00  0.00000E+00
 5.9 0.54449E-03  0.42307E-03  0.28962E-03  0.17017E-03  0.84122E-04  0.34475E-04  0.11589E-04  0.31708E-05  0.70213E-06  0.12530E-06  0.17961E-07  0.20630E-08  0.18948E-09  0.00000E+00  0.00000E+00  0.00000E+00  0.00000E+00  0.00000E+00  0.00000E+00  0.00000E+00  0.00000E+00
 6.0 0.56327E-03  0.44808E-03  0.31670E-03  0.19368E-03  0.10039E-03  0.43443E-04  0.15519E-04  0.45398E-05  0.10811E-05  0.20864E-06  0.32522E-07  0.40838E-08  0.41225E-09  0.00000E+00  0.00000E+00  0.00000E+00  0.00000E+00  0.00000E+00  0.00000E+00  0.00000E+00  0.00000E+00
 6.1 0.57935E-03  0.47011E-03  0.34149E-03  0.21621E-03  0.11683E-03  0.53029E-04  0.19988E-04  0.62041E-05  0.15759E-05  0.32610E-06  0.54776E-07  0.74491E-08  0.81836E-09  0.00000E+00  0.00000E+00  0.00000E+00  0.00000E+00  0.00000E+00  0.00000E+00  0.00000E+00  0.00000E+00
 6.2 0.59522E-03  0.49258E-03  0.36781E-03  0.24123E-03  0.13600E-03  0.64841E-04  0.25831E-04  0.85230E-05  0.23142E-05  0.51459E-06  0.93369E-07  0.13785E-07  0.16524E-08  0.16052E-09  0.00000E+00  0.00000E+00  0.00000E+00  0.00000E+00  0.00000E+00  0.00000E+00  0.00000E+00
 6.3 0.60875E-03  0.51216E-03  0.39153E-03  0.26474E-03  0.15489E-03  0.77105E-04  0.32254E-04  0.11234E-04  0.32363E-05  0.76725E-06  0.14913E-06  0.23696E-07  0.30709E-08  0.32401E-09  0.00000E+00  0.00000E+00  0.00000E+00  0.00000E+00  0.00000E+00  0.00000E+00  0.00000E+00
 6.4 0.62202E-03  0.53194E-03  0.41636E-03  0.29039E-03  0.17647E-03  0.91839E-04  0.40403E-04  0.14883E-04  0.45585E-05  0.11548E-05  0.24103E-06  0.41322E-07  0.58051E-08  0.66703E-09  0.00000E+00  0.00000E+00  0.00000E+00  0.00000E+00  0.00000E+00  0.00000E+00  0.00000E+00
 6.5 0.63327E-03  0.54896E-03  0.43836E-03  0.31398E-03  0.19720E-03  0.10669E-03  0.49061E-04  0.18987E-04  0.61393E-05  0.16495E-05  0.36678E-06  0.67281E-07  0.10157E-07  0.12596E-08  0.12810E-09  0.00000E+00  0.00000E+00  0.00000E+00  0.00000E+00  0.00000E+00  0.00000E+00
 6.6 0.64392E-03  0.56539E-03  0.46027E-03  0.33833E-03  0.21949E-03  0.12340E-03  0.59301E-04  0.24108E-04  0.82282E-05  0.23446E-05  0.55536E-06  0.10900E-06  0.17683E-07  0.23664E-08  0.26079E-09  0.00000E+00  0.00000E+00  0.00000E+00  0.00000E+00  0.00000E+00  0.00000E+00
 6.7 0.65367E-03  0.58069E-03  0.48123E-03  0.36246E-03  0.24249E-03  0.14144E-03  0.70902E-04  0.30223E-04  0.10869E-04  0.32780E-05  0.82552E-06  0.17300E-06  0.30092E-07  0.43355E-08  0.51653E-09  0.00000E+00  0.00000E+00  0.00000E+00  0.00000E+00  0.00000E+00  0.00000E+00
 6.8 0.66251E-03  0.59472E-03  0.50094E-03  0.38592E-03  0.26573E-03  0.16046E-03  0.83725E-04  0.37337E-04  0.14113E-04  0.44941E-05  0.12001E-05  0.26779E-06  0.49799E-07  0.77013E-08  0.98877E-09  0.10524E-09  0.00000E+00  0.00000E+00  0.00000E+00  0.00000E+00  0.00000E+00
 6.9 0.67055E-03  0.60761E-03  0.51946E-03  0.40867E-03  0.28910E-03  0.18039E-03  0.97788E-04  0.45529E-04  0.18051E-04  0.60557E-05  0.17108E-05  0.40551E-06  0.80422E-07  0.13315E-07  0.18373E-08  0.21097E-09  0.00000E+00  0.00000E+00  0.00000E+00  0.00000E+00  0.00000E+00
 7.0 0.67792E-03  0.61947E-03  0.53689E-03  0.43071E-03  0.31257E-03  0.20121E-03  0.11313E-03  0.54900E-04  0.22791E-04  0.80403E-05  0.23985E-05  0.60273E-06  0.12722E-06  0.22502E-07  0.33292E-08  0.41144E-09  0.00000E+00  0.00000E+00  0.00000E+00  0.00000E+00  0.00000E+00
 7.1 0.68460E-03  0.63026E-03  0.55302E-03  0.45168E-03  0.33564E-03  0.22249E-03  0.12948E-03  0.65347E-04  0.28341E-04  0.10489E-04  0.32959E-05  0.87577E-06  0.19619E-06  0.36967E-07  0.58476E-08  0.77538E-09  0.00000E+00  0.00000E+00  0.00000E+00  0.00000E+00  0.00000E+00
 7.2 0.69077E-03  0.64023E-03  0.56817E-03  0.47191E-03  0.35864E-03  0.24447E-03  0.14707E-03  0.77097E-04  0.34885E-04  0.13527E-04  0.44710E-05  0.12544E-05  0.29781E-06  0.59684E-07  0.10077E-07  0.14313E-08  0.17079E-09  0.00000E+00  0.00000E+00  0.00000E+00  0.00000E+00
 7.3 0.69641E-03  0.64930E-03  0.58214E-03  0.49099E-03  0.38101E-03  0.26663E-03  0.16550E-03  0.89944E-04  0.42377E-04  0.17180E-04  0.59597E-05  0.17615E-05  0.44216E-06  0.94016E-07  0.16900E-07  0.25641E-08  0.32794E-09  0.00000E+00  0.00000E+00  0.00000E+00  0.00000E+00
 7.4 0.70176E-03  0.65792E-03  0.59562E-03  0.50990E-03  0.40387E-03  0.29007E-03  0.18577E-03  0.10468E-03  0.51367E-04  0.21781E-04  0.79342E-05  0.24719E-05  0.65642E-06  0.14818E-06  0.28378E-07  0.46027E-08  0.63138E-09  0.00000E+00  0.00000E+00  0.00000E+00  0.00000E+00
 7.5 0.70642E-03  0.66518E-03  0.60696E-03  0.52603E-03  0.42385E-03  0.31123E-03  0.20473E-03  0.11901E-03  0.60491E-04  0.26670E-04  0.10138E-04  0.33072E-05  0.92265E-06  0.21952E-06  0.44448E-07  0.76458E-08  0.11158E-08  0.13799E-09  0.00000E+00  0.00000E+00  0.00000E+00
 7.6 0.71088E-03  0.67213E-03  0.61793E-03  0.54197E-03  0.44415E-03  0.33337E-03  0.22527E-03  0.13513E-03  0.71174E-04  0.32646E-04  0.12958E-04  0.44296E-05  0.12993E-05  0.32609E-06  0.69871E-07  0.12759E-07  0.19827E-08  0.26190E-09  0.00000E+00  0.00000E+00  0.00000E+00
 7.7 0.71504E-03  0.67851E-03  0.62803E-03  0.55688E-03  0.46360E-03  0.35524E-03  0.24624E-03  0.15220E-03  0.82953E-04  0.39524E-04  0.16356E-04  0.58492E-05  0.18009E-05  0.47595E-06  0.10772E-06  0.20842E-07  0.34421E-08  0.48465E-09  0.00000E+00  0.00000E+00  0.00000E+00
 7.8 0.71902E-03  0.68458E-03  0.63770E-03  0.57144E-03  0.48308E-03  0.37781E-03  0.26862E-03  0.17111E-03  0.96525E-04  0.47794E-04  0.20631E-04  0.77237E-05  0.24978E-05  0.69567E-06  0.16646E-06  0.34153E-07  0.59996E-08  0.90123E-09  0.12831E-09  0.00000E+00  0.00000E+00
 7.9 0.72259E-03  0.68975E-03  0.64577E-03  0.58361E-03  0.49963E-03  0.39748E-03  0.28872E-03  0.18867E-03  0.10961E-03  0.56091E-04  0.25109E-04  0.97790E-05  0.33000E-05  0.96188E-06  0.24156E-06  0.52164E-07  0.96715E-08  0.15375E-08  0.23376E-09  0.00000E+00  0.00000E+00
 8.0 0.72612E-03  0.69491E-03  0.65394E-03  0.59620E-03  0.51720E-03  0.41894E-03  0.31134E-03  0.20911E-03  0.12540E-03  0.66506E-04  0.30967E-04  0.12589E-04  0.44488E-05  0.13623E-05  0.36050E-06  0.82280E-07  0.16170E-07  0.27326E-08  0.44609E-09  0.00000E+00  0.00000E+00
 8.1 0.72933E-03  0.69935E-03  0.66076E-03  0.60664E-03  0.53193E-03  0.43733E-03  0.33127E-03  0.22769E-03  0.14026E-03  0.76683E-04  0.36928E-04  0.15574E-04  0.57265E-05  0.18297E-05  0.50660E-06  0.12130E-06  0.25075E-07  0.44689E-08  0.77648E-09  0.00000E+00  0.00000E+00
 8.2 0.73252E-03  0.70378E-03  0.66764E-03  0.61738E-03  0.54746E-03  0.45723E-03  0.35346E-03  0.24906E-03  0.15795E-03  0.89242E-04  0.44575E-04  0.19565E-04  0.75110E-05  0.25132E-05  0.73091E-06  0.18435E-06  0.40253E-07  0.75986E-08  0.14128E-08  0.00000E+00  0.00000E+00
 8.3 0.73551E-03  0.70777E-03  0.67367E-03  0.62675E-03  0.56116E-03  0.47517E-03  0.37401E-03  0.26945E-03  0.17539E-03  0.10209E-03  0.52712E-04  0.23991E-04  0.95799E-05  0.33436E-05  0.10171E-05  0.26905E-06  0.61775E-07  0.12294E-07  0.24338E-08  0.00000E+00  0.00000E+00
 8.4 0.73834E-03  0.71141E-03  0.67901E-03  0.63498E-03  0.57327E-03  0.49129E-03  0.39290E-03  0.28872E-03  0.19239E-03  0.11503E-03  0.61204E-04  0.28791E-04  0.11916E-04  0.43221E-05  0.13699E-05  0.37852E-06  0.91009E-07  0.19012E-07  0.39884E-08  0.00000E+00  0.00000E+00
 8.5 0.74111E-03  0.71492E-03  0.68414E-03  0.64291E-03  0.58511E-03  0.50738E-03  0.41224E-03  0.30897E-03  0.21080E-03  0.12951E-03  0.71033E-04  0.34553E-04  0.14830E-04  0.55940E-05  0.18487E-05  0.53398E-06  0.13455E-06  0.29528E-07  0.65724E-08  0.15155E-09  0.00000E+00
 8.6 0.74383E-03  0.71834E-03  0.68912E-03  0.65068E-03  0.59691E-03  0.52377E-03  0.43243E-03  0.33075E-03  0.23122E-03  0.14610E-03  0.82709E-04  0.41662E-04  0.18573E-04  0.72981E-05  0.25195E-05  0.76223E-06  0.20169E-06  0.46599E-07  0.11037E-07  0.28519E-09  0.00000E+00
 8.7 0.74640E-03  0.72143E-03  0.69338E-03  0.65712E-03  0.60662E-03  0.53739E-03  0.44952E-03  0.34962E-03  0.24941E-03  0.16135E-03  0.93809E-04  0.48669E-04  0.22407E-04  0.91164E-05  0.32666E-05  0.10282E-05  0.28372E-06  0.68516E-07  0.17126E-07  0.48834E-09  0.00000E+00
 8.8 0.74896E-03  0.72450E-03  0.69764E-03  0.66365E-03  0.61666E-03  0.55177E-03  0.46802E-03  0.37060E-03  0.27022E-03  0.17934E-03  0.10734E-03  0.57507E-04  0.27424E-04  0.11589E-04  0.43250E-05  0.14215E-05  0.41057E-06  0.10404E-06  0.27583E-07  0.87510E-09  0.00000E+00
 8.9 0.75142E-03  0.72732E-03  0.70136E-03  0.66914E-03  0.62498E-03  0.56374E-03  0.48366E-03  0.38872E-03  0.28866E-03  0.19575E-03  0.12007E-03  0.66116E-04  0.32490E-04  0.14184E-04  0.54812E-05  0.18697E-05  0.56176E-06  0.14840E-06  0.41416E-07  0.14418E-08  0.00000E+00
 9.0 0.75385E-03  0.73012E-03  0.70508E-03  0.67470E-03  0.63355E-03  0.57635E-03  0.50050E-03  0.40874E-03  0.30959E-03  0.21492E-03  0.13541E-03  0.76826E-04  0.39015E-04  0.17650E-04  0.70865E-05  0.25178E-05  0.78981E-06  0.21834E-06  0.64471E-07  0.24830E-08  0.00000E+00
 9.1 0.75622E-03  0.73278E-03  0.70847E-03  0.67961E-03  0.64105E-03  0.58742E-03  0.51553E-03  0.42697E-03  0.32915E-03  0.23334E-03  0.15060E-03  0.87796E-04  0.45937E-04  0.21466E-04  0.89244E-05  0.32911E-05  0.10739E-05  0.30952E-06  0.96279E-07  0.40691E-08  0.10514E-09
 9.2 0.75854E-03  0.73531E-03  0.71159E-03  0.68398E-03  0.64761E-03  0.59712E-03  0.52885E-03  0.44344E-03  0.34720E-03  0.25077E-03  0.16539E-03  0.98794E-04  0.53101E-04  0.25552E-04  0.10964E-04  0.41822E-05  0.14146E-05  0.42347E-06  0.13817E-06  0.63573E-08  0.18051E-09
 9.3 0.76083E-03  0.73781E-03  0.71464E-03  0.68824E-03  0.65405E-03  0.60676E-03  0.54231E-03  0.46043E-03  0.36627E-03  0.26966E-03  0.18186E-03  0.11140E-03  0.61572E-04  0.30544E-04  0.13544E-04  0.53506E-05  0.18786E-05  0.58499E-06  0.20063E-06  0.10081E-07  0.31568E-09
 9.4 0.76309E-03  0.74026E-03  0.71761E-03  0.69236E-03  0.66028E-03  0.61620E-03  0.55574E-03  0.47774E-03  0.38616E-03  0.28990E-03  0.20001E-03  0.12573E-03  0.71511E-04  0.36603E-04  0.16789E-04  0.68773E-05  0.25094E-05  0.81384E-06  0.29395E-06  0.16175E-07  0.56024E-09
 9.5 0.76531E-03  0.74262E-03  0.72037E-03  0.69606E-03  0.66575E-03  0.62444E-03  0.56756E-03  0.49322E-03  0.40435E-03  0.30886E-03  0.21748E-03  0.13992E-03  0.81672E-04  0.43009E-04  0.20343E-04  0.86124E-05  0.32547E-05  0.10955E-05  0.41500E-06  0.24818E-07  0.94336E-09
 9.6 0.76750E-03  0.74491E-03  0.72297E-03  0.69941E-03  0.67056E-03  0.63161E-03  0.57787E-03  0.50690E-03  0.42070E-03  0.32627E-03  0.23392E-03  0.15364E-03  0.91775E-04  0.49573E-04  0.24103E-04  0.10511E-04  0.40998E-05  0.14270E-05  0.56450E-06  0.36404E-07  0.15060E-08
 9.7 0.76967E-03  0.74719E-03  0.72557E-03  0.70281E-03  0.67552E-03  0.63916E-03  0.58896E-03  0.52194E-03  0.43910E-03  0.34635E-03  0.25337E-03  0.17031E-03  0.10441E-03  0.58036E-04  0.29108E-04  0.13125E-04  0.53047E-05  0.19174E-05  0.79649E-06  0.55896E-07  0.25420E-08
 9.8 0.77180E-03  0.74939E-03  0.72800E-03  0.70579E-03  0.67967E-03  0.64528E-03  0.59789E-03  0.53413E-03  0.45422E-03  0.36318E-03  0.27004E-03  0.18498E-03  0.11584E-03  0.65922E-04  0.33922E-04  0.15724E-04  0.65456E-05  0.24413E-05  0.10566E-05  0.79596E-07  0.39215E-08
 9.9 0.77392E-03  0.75157E-03  0.73040E-03  0.70875E-03  0.68380E-03  0.65145E-03  0.60701E-03  0.54680E-03  0.47027E-03  0.38143E-03  0.28855E-03  0.20166E-03  0.12919E-03  0.75390E-04  0.39873E-04  0.19037E-04  0.81798E-05  0.31550E-05  0.14272E-05  0.11597E-06  0.62243E-08
10.0 0.77601E-03  0.75372E-03  0.73272E-03  0.71155E-03  0.68762E-03  0.65710E-03  0.61539E-03  0.55858E-03  0.48543E-03  0.39902E-03  0.30680E-03  0.21853E-03  0.14305E-03  0.85500E-04  0.46420E-04  0.22800E-04  0.10098E-04  0.40225E-05  0.18990E-05  0.16596E-06  0.96743E-08
10.1 0.77808E-03  0.75584E-03  0.73501E-03  0.71429E-03  0.69135E-03  0.66263E-03  0.62370E-03  0.57044E-03  0.50099E-03  0.41747E-03  0.32640E-03  0.23711E-03  0.15873E-03  0.97270E-04  0.54275E-04  0.27459E-04  0.12553E-04  0.51722E-05  0.25539E-05  0.24087E-06  0.15311E-07
10.2 0.78013E-03  0.75793E-03  0.73722E-03  0.71685E-03  0.69470E-03  0.66748E-03  0.63091E-03  0.58078E-03  0.51474E-03  0.43407E-03  0.34441E-03  0.25459E-03  0.17387E-03  0.10896E-03  0.62311E-04  0.32376E-04  0.15231E-04  0.64697E-05  0.33280E-05  0.33637E-06  0.23143E-07
10.3 0.78215E-03  0.75999E-03  0.73938E-03  0.71931E-03  0.69786E-03  0.67199E-03  0.63760E-03  0.59046E-03  0.52779E-03  0.45011E-03  0.36218E-03  0.27223E-03  0.18952E-03  0.12136E-03  0.71071E-04  0.37895E-04  0.18330E-04  0.80205E-05  0.42943E-05  0.46431E-06  0.34519E-07
10.4 0.78416E-03  0.76202E-03  0.74148E-03  0.72163E-03  0.70073E-03  0.67595E-03  0.64339E-03  0.59881E-03  0.53913E-03  0.46423E-03  0.37809E-03  0.28835E-03  0.20415E-03  0.13323E-03  0.79680E-04  0.43468E-04  0.21551E-04  0.96819E-05  0.53730E-05  0.61705E-06  0.49187E-07
10.5 0.78614E-03  0.76403E-03  0.74356E-03  0.72394E-03  0.70359E-03  0.67992E-03  0.64923E-03  0.60735E-03  0.55092E-03  0.47919E-03  0.39529E-03  0.30615E-03  0.22067E-03  0.14696E-03  0.89887E-04  0.50253E-04  0.25582E-04  0.11822E-04  0.68193E-05  0.83537E-06  0.71765E-07
10.6 0.78811E-03  0.76603E-03  0.74563E-03  0.72621E-03  0.70638E-03  0.68378E-03  0.65495E-03  0.61582E-03  0.56280E-03  0.49454E-03  0.41331E-03  0.32521E-03  0.23879E-03  0.16240E-03  0.10168E-03  0.58316E-04  0.30517E-04  0.14525E-04  0.87251E-05  0.11434E-05  0.10624E-06
10.7 0.79006E-03  0.76799E-03  0.74763E-03  0.72835E-03  0.70888E-03  0.68706E-03  0.65962E-03  0.62260E-03  0.57230E-03  0.50692E-03  0.42804E-03  0.34108E-03  0.25420E-03  0.17584E-03  0.11220E-03  0.65703E-04  0.35167E-04  0.17148E-04  0.10652E-04  0.14759E-05  0.14642E-06
10.8 0.79199E-03  0.76994E-03  0.74962E-03  0.73047E-03  0.71136E-03  0.69032E-03  0.66430E-03  0.62948E-03  0.58208E-03  0.51988E-03  0.44375E-03  0.35835E-03  0.27131E-03  0.19110E-03  0.12443E-03  0.74501E-04  0.40849E-04  0.20442E-04  0.13164E-04  0.19360E-05  0.20604E-06
10.9 0.79391E-03  0.77188E-03  0.75158E-03  0.73254E-03  0.71373E-03  0.69336E-03  0.66861E-03  0.63579E-03  0.59110E-03  0.53199E-03  0.45866E-03  0.37504E-03  0.28819E-03  0.20649E-03  0.13705E-03  0.83815E-04  0.47025E-04  0.24122E-04  0.16082E-04  0.25042E-05  0.28521E-06
11.0 0.79580E-03  0.77379E-03  0.75353E-03  0.73458E-03  0.71604E-03  0.69630E-03  0.67273E-03  0.64183E-03  0.59981E-03  0.54382E-03  0.47349E-03  0.39194E-03  0.30564E-03  0.22275E-03  0.15071E-03  0.94143E-04  0.54054E-04  0.28426E-04  0.19627E-04  0.32375E-05  0.39494E-06
11.1 0.79768E-03  0.77569E-03  0.75545E-03  0.73659E-03  0.71831E-03  0.69915E-03  0.67672E-03  0.64772E-03  0.60839E-03  0.55565E-03  0.48856E-03  0.40946E-03  0.32412E-03  0.24036E-03  0.16585E-03  0.10589E-03  0.62261E-04  0.33593E-04  0.24054E-04  0.42111E-05  0.55171E-06
11.2 0.79954E-03  0.77757E-03  0.75734E-03  0.73853E-03  0.72041E-03  0.70165E-03  0.68005E-03  0.65245E-03  0.61517E-03  0.56500E-03  0.50057E-03  0.42362E-03  0.33929E-03  0.25511E-03  0.17881E-03  0.11617E-03  0.69628E-04  0.38354E-04  0.28288E-04  0.51981E-05  0.72222E-06
11.3 0.80139E-03  0.77944E-03  0.75923E-03  0.74047E-03  0.72254E-03  0.70425E-03  0.68358E-03  0.65760E-03  0.62275E-03  0.57566E-03  0.51454E-03  0.44042E-03  0.35769E-03  0.27337E-03  0.19521E-03  0.12949E-03  0.79400E-04  0.44829E-04  0.34254E-04  0.66677E-05  0.99359E-06
11.4 0.80321E-03  0.78128E-03  0.76109E-03  0.74237E-03  0.72458E-03  0.70664E-03  0.68671E-03  0.66205E-03  0.62921E-03  0.58478E-03  0.52662E-03  0.45515E-03  0.37410E-03  0.28998E-03  0.21047E-03  0.14217E-03  0.88938E-04  0.51317E-04  0.40463E-04  0.82889E-05  0.13151E-05
11.5 0.80502E-03  0.78312E-03  0.76294E-03  0.74425E-03  0.72657E-03  0.70893E-03  0.68966E-03  0.66620E-03  0.63524E-03  0.59334E-03  0.53808E-03  0.46934E-03  0.39019E-03  0.30659E-03  0.22603E-03  0.15539E-03  0.99111E-04  0.58406E-04  0.47488E-04  0.10225E-04  0.17254E-05
11.6 0.80682E-03  0.78493E-03  0.76476E-03  0.74610E-03  0.72852E-03  0.71115E-03  0.69246E-03  0.67009E-03  0.64086E-03  0.60136E-03  0.54894E-03  0.48299E-03  0.40591E-03  0.32312E-03  0.24183E-03  0.16910E-03  0.10990E-03  0.66107E-04  0.55386E-04  0.12519E-04  0.22445E-05
11.7 0.80859E-03  0.78673E-03  0.76657E-03  0.74793E-03  0.73041E-03  0.71323E-03  0.69501E-03  0.67351E-03  0.64573E-03  0.60827E-03  0.55832E-03  0.49488E-03  0.41980E-03  0.33796E-03  0.25627E-03  0.18188E-03  0.12018E-03  0.73602E-04  0.63327E-04  0.14943E-04  0.28285E-05
11.8 0.81035E-03  0.78852E-03  0.76837E-03  0.74975E-03  0.73231E-03  0.71536E-03  0.69765E-03  0.67714E-03  0.65100E-03  0.61590E-03  0.56890E-03  0.50857E-03  0.43610E-03  0.35570E-03  0.27389E-03  0.19780E-03  0.13324E-03  0.83352E-04  0.74000E-04  0.18367E-04  0.37063E-05
11.9 0.81210E-03  0.79029E-03  0.77016E-03  0.75154E-03  0.73415E-03  0.71737E-03  0.70006E-03  0.68035E-03  0.65556E-03  0.62247E-03  0.57804E-03  0.52049E-03  0.45049E-03  0.37165E-03  0.29002E-03  0.21267E-03  0.14573E-03  0.92891E-04  0.84807E-04  0.22019E-04  0.47074E-05
12.0 0.81383E-03  0.79205E-03  0.77192E-03  0.75332E-03  0.73596E-03  0.71930E-03  0.70229E-03  0.68321E-03  0.65952E-03  0.62810E-03  0.58585E-03  0.53076E-03  0.46302E-03  0.38572E-03  0.30449E-03  0.22626E-03  0.15736E-03  0.10195E-03  0.95394E-04  0.25768E-04  0.57988E-05
12.1 0.81554E-03  0.79379E-03  0.77368E-03  0.75508E-03  0.73776E-03  0.72122E-03  0.70452E-03  0.68608E-03  0.66353E-03  0.63386E-03  0.59395E-03  0.54155E-03  0.47641E-03  0.40100E-03  0.32048E-03  0.24154E-03  0.17069E-03  0.11256E-03  0.10815E-03  0.30490E-04  0.72551E-05
12.2 0.81723E-03  0.79552E-03  0.77542E-03  0.75683E-03  0.73954E-03  0.72312E-03  0.70674E-03  0.68895E-03  0.66756E-03  0.63971E-03  0.60229E-03  0.55284E-03  0.49064E-03  0.41754E-03  0.33811E-03  0.25874E-03  0.18601E-03  0.12501E-03  0.12363E-03  0.36504E-04  0.92312E-05
12.3 0.81891E-03  0.79723E-03  0.77715E-03  0.75856E-03  0.74130E-03  0.72496E-03  0.70880E-03  0.69152E-03  0.67107E-03  0.64472E-03  0.60940E-03  0.56251E-03  0.50296E-03  0.43207E-03  0.35386E-03  0.27438E-03  0.20022E-03  0.13681E-03  0.13878E-03  0.42681E-04  0.11396E-04
12.4 0.82058E-03  0.79893E-03  0.77886E-03  0.76028E-03  0.74303E-03  0.72676E-03  0.71081E-03  0.69397E-03  0.67436E-03  0.64940E-03  0.61606E-03  0.57165E-03  0.51474E-03  0.44615E-03  0.36937E-03  0.29006E-03  0.21474E-03  0.14911E-03  0.15504E-03  0.49614E-04  0.13976E-04
12.5 0.82223E-03  0.80062E-03  0.78056E-03  0.76198E-03  0.74474E-03  0.72852E-03  0.71271E-03  0.69622E-03  0.67729E-03  0.65345E-03  0.62178E-03  0.57949E-03  0.52490E-03  0.45844E-03  0.38309E-03  0.30414E-03  0.22800E-03  0.16055E-03  0.17060E-03  0.56530E-04  0.16701E-04
12.6 0.82386E-03  0.80229E-03  0.78225E-03  0.76368E-03  0.74645E-03  0.73029E-03  0.71465E-03  0.69855E-03  0.68040E-03  0.65787E-03  0.62814E-03  0.58839E-03  0.53667E-03  0.47291E-03  0.39953E-03  0.32133E-03  0.24450E-03  0.17505E-03  0.19090E-03  0.65941E-04  0.20629E-04
12.7 0.82548E-03  0.80394E-03  0.78392E-03  0.76536E-03  0.74813E-03  0.73199E-03  0.71646E-03  0.70063E-03  0.68302E-03  0.66144E-03  0.63315E-03  0.59532E-03  0.54584E-03  0.48428E-03  0.41261E-03  0.33520E-03  0.25802E-03  0.18717E-03  0.20834E-03  0.74379E-04  0.24368E-04
12.8 0.82708E-03  0.80559E-03  0.78559E-03  0.76703E-03  0.74981E-03  0.73371E-03  0.71830E-03  0.70278E-03  0.68579E-03  0.66531E-03  0.63872E-03  0.60321E-03  0.55647E-03  0.49769E-03  0.42830E-03  0.35214E-03  0.27484E-03  0.20251E-03  0.23106E-03  0.85823E-04  0.29732E-04
12.9 0.82867E-03  0.80721E-03  0.78724E-03  0.76868E-03  0.75147E-03  0.73539E-03  0.72007E-03  0.70478E-03  0.68829E-03  0.66870E-03  0.64351E-03  0.60995E-03  0.56559E-03  0.50932E-03  0.44208E-03  0.36725E-03  0.29010E-03  0.21669E-03  0.25267E-03  0.97183E-04  0.35394E-04
13.0 0.83024E-03  0.80883E-03  0.78887E-03  0.77033E-03  0.75311E-03  0.73705E-03  0.72181E-03  0.70672E-03  0.69066E-03  0.67188E-03  0.64800E-03  0.61628E-03  0.57422E-03  0.52043E-03  0.45543E-03  0.38210E-03  0.30535E-03  0.23111E-03  0.27523E-03  0.10952E-03  0.41908E-04
13.1 0.83180E-03  0.81043E-03  0.79050E-03  0.77196E-03  0.75474E-03  0.73869E-03  0.72349E-03  0.70856E-03  0.69283E-03  0.67468E-03  0.65184E-03  0.62164E-03  0.58153E-03  0.52989E-03  0.46689E-03  0.39500E-03  0.31878E-03  0.24400E-03  0.29592E-03  0.12126E-03  0.48446E-04
13.2 0.83335E-03  0.81202E-03  0.79211E-03  0.77358E-03  0.75636E-03  0.74032E-03  0.72518E-03  0.71040E-03  0.69502E-03  0.67754E-03  0.65583E-03  0.62728E-03  0.58930E-03  0.54009E-03  0.47945E-03  0.40935E-03  0.33395E-03  0.25881E-03  0.32027E-03  0.13557E-03  0.56852E-04
13.3 0.83488E-03  0.81359E-03  0.79371E-03  0.77519E-03  0.75798E-03  0.74195E-03  0.72685E-03  0.71222E-03  0.69720E-03  0.68040E-03  0.65983E-03  0.63299E-03  0.59730E-03  0.55073E-03  0.49273E-03  0.42477E-03  0.35054E-03  0.27528E-03  0.34811E-03  0.15259E-03  0.67454E-04
13.4 0.83639E-03  0.81515E-03  0.79530E-03  0.77679E-03  0.75958E-03  0.74355E-03  0.72849E-03  0.71397E-03  0.69921E-03  0.68295E-03  0.66330E-03  0.63788E-03  0.60411E-03  0.55984E-03  0.50421E-03  0.43827E-03  0.36526E-03  0.29015E-03  0.37389E-03  0.16898E-03  0.78286E-04
13.5 0.83789E-03  0.81670E-03  0.79687E-03  0.77838E-03  0.76116E-03  0.74513E-03  0.73009E-03  0.71565E-03  0.70109E-03  0.68524E-03  0.66633E-03  0.64207E-03  0.60989E-03  0.56757E-03  0.51400E-03  0.44990E-03  0.37811E-03  0.30329E-03  0.39721E-03  0.18430E-03  0.88973E-04
13.6 0.83938E-03  0.81823E-03  0.79844E-03  0.77995E-03  0.76274E-03  0.74671E-03  0.73169E-03  0.71733E-03  0.70298E-03  0.68756E-03  0.66943E-03  0.64640E-03  0.61595E-03  0.57580E-03  0.52458E-03  0.46263E-03  0.39236E-03  0.31810E-03  0.42411E-03  0.20258E-03  0.10238E-03
13.7 0.84085E-03  0.81975E-03  0.79999E-03  0.78152E-03  0.76431E-03  0.74828E-03  0.73328E-03  0.71900E-03  0.70486E-03  0.68988E-03  0.67255E-03  0.65080E-03  0.62219E-03  0.58436E-03  0.53573E-03  0.47626E-03  0.40788E-03  0.33449E-03  0.45464E-03  0.22409E-03  0.11911E-03
13.8 0.84231E-03  0.82126E-03  0.80153E-03  0.78307E-03  0.76587E-03  0.74984E-03  0.73485E-03  0.72062E-03  0.70664E-03  0.69200E-03  0.67530E-03  0.65459E-03  0.62750E-03  0.59164E-03  0.54528E-03  0.48804E-03  0.42146E-03  0.34904E-03  0.48241E-03  0.24436E-03  0.13583E-03
13.9 0.84376E-03  0.82276E-03  0.80305E-03  0.78462E-03  0.76741E-03  0.75138E-03  0.73640E-03  0.72222E-03  0.70836E-03  0.69403E-03  0.67790E-03  0.65815E-03  0.63248E-03  0.59852E-03  0.55437E-03  0.49937E-03  0.43468E-03  0.36341E-03  0.51046E-03  0.26552E-03  0.15426E-03
14.0 0.84519E-03  0.82424E-03  0.80457E-03  0.78615E-03  0.76895E-03  0.75292E-03  0.73794E-03  0.72379E-03  0.71005E-03  0.69598E-03  0.68038E-03  0.66150E-03  0.63716E-03  0.60499E-03  0.56299E-03  0.51024E-03  0.44752E-03  0.37755E-03  0.53870E-03  0.28753E-03  0.17450E-03
14.1 0.84661E-03  0.82571E-03  0.80607E-03  0.78767E-03  0.77048E-03  0.75444E-03  0.73946E-03  0.72533E-03  0.71167E-03  0.69779E-03  0.68258E-03  0.66440E-03  0.64112E-03  0.61042E-03  0.57021E-03  0.51938E-03  0.45841E-03  0.38967E-03  0.56337E-03  0.30733E-03  0.19367E-03
14.2 0.84801E-03  0.82716E-03  0.80756E-03  0.78918E-03  0.77200E-03  0.75596E-03  0.74098E-03  0.72688E-03  0.71332E-03  0.69969E-03  0.68497E-03  0.66764E-03  0.64569E-03  0.61682E-03  0.57891E-03  0.53060E-03  0.47200E-03  0.40505E-03  0.59542E-03  0.33389E-03  0.22079E-03
14.3 0.84941E-03  0.82861E-03  0.80904E-03  0.79068E-03  0.77350E-03  0.75746E-03  0.74248E-03  0.72840E-03  0.71491E-03  0.70146E-03  0.68711E-03  0.67045E-03  0.64957E-03  0.62222E-03  0.58623E-03  0.54010E-03  0.48361E-03  0.41834E-03  0.62373E-03  0.35811E-03  0.24700E-03
14.4 0.85078E-03  0.83004E-03  0.81051E-03  0.79217E-03  0.77500E-03  0.75896E-03  0.74397E-03  0.72991E-03  0.71648E-03  0.70318E-03  0.68917E-03  0.67311E-03  0.65321E-03  0.62729E-03  0.59315E-03  0.54915E-03  0.49480E-03  0.43130E-03  0.65190E-03  0.38294E-03  0.27536E-03
14.5 0.85215E-03  0.83146E-03  0.81197E-03  0.79365E-03  0.77649E-03  0.76045E-03  0.74546E-03  0.73140E-03  0.71802E-03  0.70486E-03  0.69114E-03  0.67564E-03  0.65665E-03  0.63206E-03  0.59969E-03  0.55776E-03  0.50554E-03  0.44391E-03  0.67986E-03  0.40832E-03  0.30594E-03
14.6 0.85351E-03  0.83287E-03  0.81341E-03  0.79512E-03  0.77797E-03  0.76193E-03  0.74693E-03  0.73288E-03  0.71954E-03  0.70650E-03  0.69304E-03  0.67804E-03  0.65988E-03  0.63655E-03  0.60585E-03  0.56593E-03  0.51585E-03  0.45613E-03  0.70752E-03  0.43416E-03  0.33881E-03
14.7 0.85485E-03  0.83426E-03  0.81485E-03  0.79658E-03  0.77944E-03  0.76340E-03  0.74840E-03  0.73434E-03  0.72103E-03  0.70810E-03  0.69487E-03  0.68032E-03  0.66293E-03  0.64076E-03  0.61166E-03  0.57369E-03  0.52572E-03  0.46798E-03  0.73483E-03  0.46040E-03  0.37401E-03
14.8 0.85618E-03  0.83564E-03  0.81627E-03  0.79803E-03  0.78090E-03  0.76486E-03  0.74985E-03  0.73579E-03  0.72250E-03  0.70963E-03  0.69658E-03  0.68237E-03  0.66559E-03  0.64435E-03  0.61655E-03  0.58020E-03  0.53402E-03  0.47800E-03  0.75829E-03  0.48351E-03  0.40661E-03
14.9 0.85749E-03  0.83702E-03  0.81768E-03  0.79946E-03  0.78235E-03  0.76631E-03  0.75130E-03  0.73724E-03  0.72397E-03  0.71117E-03  0.69830E-03  0.68446E-03  0.66832E-03  0.64809E-03  0.62170E-03  0.58715E-03  0.54300E-03  0.48898E-03  0.78452E-03  0.51002E-03  0.44590E-03
15.0 0.85880E-03  0.83838E-03  0.81908E-03  0.80089E-03  0.78379E-03  0.76775E-03  0.75274E-03  0.73868E-03  0.72542E-03  0.71269E-03  0.69998E-03  0.68647E-03  0.67092E-03  0.65163E-03  0.62660E-03  0.59379E-03  0.55165E-03  0.49967E-03  0.81049E-03  0.53698E-03  0.48803E-03
15.1 0.86009E-03  0.83972E-03  0.82047E-03  0.80231E-03  0.78522E-03  0.76919E-03  0.75417E-03  0.74011E-03  0.72687E-03  0.71420E-03  0.70166E-03  0.68851E-03  0.67358E-03  0.65529E-03  0.63171E-03  0.60082E-03  0.56092E-03  0.51128E-03  0.83932E-03  0.56780E-03  0.53904E-03
15.2 0.86137E-03  0.84106E-03  0.82185E-03  0.80371E-03  0.78664E-03  0.77061E-03  0.75559E-03  0.74153E-03  0.72829E-03  0.71567E-03  0.70325E-03  0.69035E-03  0.67591E-03  0.65842E-03  0.63602E-03  0.60669E-03  0.56869E-03  0.52107E-03  0.86402E-03  0.59488E-03  0.58646E-03
15.3 0.86264E-03  0.84238E-03  0.82321E-03  0.80511E-03  0.78806E-03  0.77203E-03  0.75701E-03  0.74293E-03  0.72969E-03  0.71710E-03  0.70476E-03  0.69205E-03  0.67797E-03  0.66110E-03  0.63963E-03  0.61157E-03  0.57513E-03  0.52920E-03  0.88475E-03  0.61808E-03  0.62913E-03
15.4 0.86390E-03  0.84370E-03  0.82457E-03  0.80649E-03  0.78946E-03  0.77344E-03  0.75842E-03  0.74433E-03  0.73110E-03  0.71853E-03  0.70629E-03  0.69379E-03  0.68011E-03  0.66392E-03  0.64349E-03  0.61686E-03  0.58220E-03  0.53825E-03  0.90829E-03  0.64510E-03  0.68133E-03
15.5 0.86514E-03  0.84500E-03  0.82591E-03  0.80787E-03  0.79085E-03  0.77484E-03  0.75981E-03  0.74573E-03  0.73249E-03  0.71994E-03  0.70778E-03  0.69547E-03  0.68215E-03  0.66658E-03  0.64711E-03  0.62182E-03  0.58885E-03  0.54683E-03  0.93094E-03  0.67172E-03  0.73555E-03
15.6 0.86638E-03  0.84629E-03  0.82725E-03  0.80924E-03  0.79224E-03  0.77624E-03  0.76121E-03  0.74711E-03  0.73387E-03  0.72134E-03  0.70925E-03  0.69710E-03  0.68410E-03  0.66910E-03  0.65052E-03  0.62650E-03  0.59516E-03  0.55503E-03  0.95290E-03  0.69814E-03  0.79225E-03
15.7 0.86760E-03  0.84757E-03  0.82857E-03  0.81059E-03  0.79361E-03  0.77762E-03  0.76259E-03  0.74849E-03  0.73525E-03  0.72274E-03  0.71072E-03  0.69874E-03  0.68609E-03  0.67169E-03  0.65407E-03  0.63143E-03  0.60190E-03  0.56389E-03  0.97716E-03  0.72811E-03  0.86039E-03
15.8 0.86882E-03  0.84884E-03  0.82988E-03  0.81194E-03  0.79498E-03  0.77900E-03  0.76397E-03  0.74986E-03  0.73662E-03  0.72412E-03  0.71214E-03  0.70028E-03  0.68789E-03  0.67396E-03  0.65709E-03  0.63556E-03  0.60751E-03  0.57128E-03  0.99758E-03  0.75389E-03  0.92231E-03
15.9 0.87002E-03  0.85010E-03  0.83119E-03  0.81327E-03  0.79634E-03  0.78036E-03  0.76534E-03  0.75123E-03  0.73797E-03  0.72548E-03  0.71353E-03  0.70179E-03  0.68962E-03  0.67612E-03  0.65995E-03  0.63946E-03  0.61281E-03  0.57830E-03  0.10172E-02  0.77923E-03  0.98648E-03
16.0 0.87121E-03  0.85134E-03  0.83248E-03  0.81460E-03  0.79768E-03  0.78172E-03  0.76670E-03  0.75258E-03  0.73932E-03  0.72683E-03  0.71492E-03  0.70326E-03  0.69130E-03  0.67818E-03  0.66265E-03  0.64313E-03  0.61781E-03  0.58497E-03  0.10361E-02  0.80411E-03  0.10528E-02
16.1 0.87239E-03  0.85258E-03  0.83376E-03  0.81591E-03  0.79902E-03  0.78307E-03  0.76805E-03  0.75393E-03  0.74066E-03  0.72816E-03  0.71626E-03  0.70467E-03  0.69286E-03  0.68002E-03  0.66497E-03  0.64620E-03  0.62192E-03  0.59040E-03  0.10516E-02  0.82470E-03  0.11103E-02
16.2 0.87356E-03  0.85381E-03  0.83503E-03  0.81722E-03  0.80035E-03  0.78442E-03  0.76940E-03  0.75527E-03  0.74200E-03  0.72950E-03  0.71763E-03  0.70613E-03  0.69451E-03  0.68205E-03  0.66765E-03  0.64987E-03  0.62700E-03  0.59727E-03  0.10717E-02  0.85230E-03  0.11918E-02
16.3 0.87472E-03  0.85502E-03  0.83630E-03  0.81852E-03  0.80167E-03  0.78575E-03  0.77074E-03  0.75661E-03  0.74333E-03  0.73083E-03  0.71897E-03  0.70752E-03  0.69605E-03  0.68387E-03  0.66997E-03  0.65296E-03  0.63120E-03  0.60294E-03  0.10883E-02  0.87554E-03  0.12642E-02
16.4 0.87587E-03  0.85623E-03  0.83755E-03  0.81980E-03  0.80299E-03  0.78708E-03  0.77207E-03  0.75794E-03  0.74465E-03  0.73214E-03  0.72029E-03  0.70887E-03  0.69750E-03  0.68553E-03  0.67200E-03  0.65561E-03  0.63473E-03  0.60764E-03  0.11021E-02  0.89499E-03  0.13275E-02
16.5 0.87701E-03  0.85742E-03  0.83879E-03  0.82108E-03  0.80429E-03  0.78840E-03  0.77339E-03  0.75926E-03  0.74596E-03  0.73345E-03  0.72161E-03  0.71025E-03  0.69901E-03  0.68731E-03  0.67427E-03  0.65866E-03  0.63892E-03  0.61337E-03  0.11194E-02  0.92015E-03  0.14142E-02
16.6 0.87814E-03  0.85861E-03  0.84002E-03  0.82235E-03  0.80558E-03  0.78971E-03  0.77471E-03  0.76057E-03  0.74727E-03  0.73475E-03  0.72292E-03  0.71159E-03  0.70044E-03  0.68895E-03  0.67628E-03  0.66128E-03  0.64246E-03  0.61817E-03  0.11339E-02  0.94147E-03  0.14917E-02
16.7 0.87925E-03  0.85979E-03  0.84124E-03  0.82361E-03  0.80687E-03  0.79101E-03  0.77602E-03  0.76188E-03  0.74857E-03  0.73604E-03  0.72421E-03  0.71291E-03  0.70185E-03  0.69053E-03  0.67820E-03  0.66377E-03  0.64581E-03  0.62270E-03  0.11476E-02  0.96213E-03  0.15706E-02
16.8 0.88036E-03  0.86095E-03  0.84246E-03  0.82486E-03  0.80814E-03  0.79230E-03  0.77732E-03  0.76318E-03  0.74987E-03  0.73733E-03  0.72550E-03  0.71422E-03  0.70323E-03  0.69207E-03  0.68005E-03  0.66613E-03  0.64897E-03  0.62698E-03  0.11608E-02  0.98210E-03  0.16508E-02
16.9 0.88146E-03  0.86211E-03  0.84366E-03  0.82610E-03  0.80941E-03  0.79359E-03  0.77861E-03  0.76448E-03  0.75115E-03  0.73861E-03  0.72677E-03  0.71550E-03  0.70455E-03  0.69351E-03  0.68171E-03  0.66819E-03  0.65165E-03  0.63054E-03  0.11716E-02  0.99862E-03  0.17200E-02
17.0 0.88255E-03  0.86325E-03  0.84485E-03  0.82733E-03  0.81067E-03  0.79486E-03  0.77990E-03  0.76576E-03  0.75244E-03  0.73989E-03  0.72805E-03  0.71680E-03  0.70592E-03  0.69503E-03  0.68353E-03  0.67052E-03  0.65479E-03  0.63484E-03  0.11851E-02  0.10200E-02  0.18147E-02
17.1 0.88363E-03  0.86439E-03  0.84604E-03  0.82855E-03  0.81192E-03  0.79613E-03  0.78118E-03  0.76705E-03  0.75371E-03  0.74115E-03  0.72930E-03  0.71806E-03  0.70721E-03  0.69641E-03  0.68509E-03  0.67241E-03  0.65721E-03  0.63805E-03  0.11949E-02  0.10353E-02  0.18856E-02
17.2 0.88470E-03  0.86552E-03  0.84721E-03  0.82976E-03  0.81316E-03  0.79739E-03  0.78245E-03  0.76832E-03  0.75498E-03  0.74242E-03  0.73056E-03  0.71932E-03  0.70850E-03  0.69780E-03  0.68668E-03  0.67437E-03  0.65975E-03  0.64144E-03  0.12055E-02  0.10523E-02  0.19681E-02
17.3 0.88576E-03  0.86664E-03  0.84838E-03  0.83097E-03  0.81439E-03  0.79865E-03  0.78371E-03  0.76959E-03  0.75625E-03  0.74367E-03  0.73181E-03  0.72057E-03  0.70978E-03  0.69916E-03  0.68823E-03  0.67623E-03  0.66215E-03  0.64465E-03  0.12155E-02  0.10686E-02  0.20507E-02
17.4 0.88682E-03  0.86775E-03  0.84953E-03  0.83216E-03  0.81562E-03  0.79989E-03  0.78497E-03  0.77085E-03  0.75751E-03  0.74492E-03  0.73305E-03  0.72181E-03  0.71105E-03  0.70051E-03  0.68973E-03  0.67804E-03  0.66446E-03  0.64772E-03  0.12251E-02  0.10844E-02  0.21353E-02
17.5 0.88786E-03  0.86885E-03  0.85068E-03  0.83335E-03  0.81683E-03  0.80113E-03  0.78622E-03  0.77210E-03  0.75876E-03  0.74617E-03  0.73429E-03  0.72305E-03  0.71231E-03  0.70183E-03  0.69121E-03  0.67981E-03  0.66672E-03  0.65072E-03  0.12345E-02  0.11002E-02  0.22237E-02
17.6 0.88889E-03  0.86994E-03  0.85182E-03  0.83452E-03  0.81804E-03  0.80236E-03  0.78746E-03  0.77335E-03  0.76001E-03  0.74741E-03  0.73552E-03  0.72428E-03  0.71356E-03  0.70313E-03  0.69264E-03  0.68149E-03  0.66882E-03  0.65349E-03  0.12432E-02  0.11148E-02  0.23095E-02
17.7 0.88992E-03  0.87102E-03  0.85295E-03  0.83569E-03  0.81924E-03  0.80358E-03  0.78870E-03  0.77459E-03  0.76125E-03  0.74864E-03  0.73675E-03  0.72550E-03  0.71480E-03  0.70444E-03  0.69409E-03  0.68320E-03  0.67100E-03  0.65639E-03  0.12525E-02  0.11308E-02  0.24092E-02
17.8 0.89094E-03  0.87209E-03  0.85407E-03  0.83685E-03  0.82043E-03  0.80479E-03  0.78993E-03  0.77583E-03  0.76248E-03  0.74987E-03  0.73797E-03  0.72672E-03  0.71602E-03  0.70570E-03  0.69544E-03  0.68476E-03  0.67290E-03  0.65886E-03  0.12602E-02  0.11440E-02  0.24949E-02
17.9 0.89195E-03  0.87316E-03  0.85518E-03  0.83800E-03  0.82161E-03  0.80600E-03  0.79115E-03  0.77706E-03  0.76371E-03  0.75109E-03  0.73918E-03  0.72792E-03  0.71723E-03  0.70694E-03  0.69677E-03  0.68626E-03  0.67473E-03  0.66121E-03  0.12675E-02  0.11565E-02  0.25804E-02
18.0 0.89294E-03  0.87421E-03  0.85628E-03  0.83915E-03  0.82279E-03  0.80720E-03  0.79236E-03  0.77828E-03  0.76493E-03  0.75231E-03  0.74039E-03  0.72912E-03  0.71843E-03  0.70815E-03  0.69804E-03  0.68765E-03  0.67636E-03  0.66322E-03  0.12736E-02  0.11668E-02  0.26517E-02
18.1 0.89394E-03  0.87526E-03  0.85738E-03  0.84028E-03  0.82395E-03  0.80839E-03  0.79357E-03  0.77949E-03  0.76615E-03  0.75352E-03  0.74159E-03  0.73032E-03  0.71963E-03  0.70939E-03  0.69935E-03  0.68915E-03  0.67817E-03  0.66557E-03  0.12810E-02  0.11799E-02  0.27502E-02
18.2 0.89492E-03  0.87630E-03  0.85846E-03  0.84141E-03  0.82511E-03  0.80957E-03  0.79477E-03  0.78070E-03  0.76736E-03  0.75473E-03  0.74279E-03  0.73151E-03  0.72082E-03  0.71059E-03  0.70061E-03  0.69053E-03  0.67980E-03  0.66760E-03  0.12872E-02  0.11908E-02  0.28342E-02
18.3 0.89589E-03  0.87733E-03  0.85954E-03  0.84252E-03  0.82626E-03  0.81074E-03  0.79596E-03  0.78190E-03  0.76856E-03  0.75593E-03  0.74398E-03  0.73269E-03  0.72199E-03  0.71177E-03  0.70182E-03  0.69183E-03  0.68125E-03  0.66935E-03  0.12923E-02  0.11994E-02  0.29018E-02
18.4 0.89686E-03  0.87835E-03  0.86061E-03  0.84363E-03  0.82740E-03  0.81191E-03  0.79714E-03  0.78310E-03  0.76976E-03  0.75712E-03  0.74517E-03  0.73387E-03  0.72316E-03  0.71295E-03  0.70305E-03  0.69316E-03  0.68279E-03  0.67124E-03  0.12980E-02  0.12094E-02  0.29857E-02
18.5 0.89782E-03  0.87936E-03  0.86167E-03  0.84474E-03  0.82854E-03  0.81307E-03  0.79832E-03  0.78429E-03  0.77095E-03  0.75831E-03  0.74635E-03  0.73504E-03  0.72433E-03  0.71413E-03  0.70426E-03  0.69446E-03  0.68427E-03  0.67303E-03  0.13033E-02  0.12188E-02  0.30675E-02
18.6 0.89877E-03  0.88037E-03  0.86273E-03  0.84583E-03  0.82966E-03  0.81422E-03  0.79949E-03  0.78547E-03  0.77214E-03  0.75950E-03  0.74753E-03  0.73621E-03  0.72550E-03  0.71530E-03  0.70548E-03  0.69577E-03  0.68578E-03  0.67489E-03  0.13090E-02  0.12290E-02  0.31618E-02
18.7 0.89971E-03  0.88136E-03  0.86377E-03  0.84691E-03  0.83078E-03  0.81537E-03  0.80065E-03  0.78664E-03  0.77332E-03  0.76068E-03  0.74871E-03  0.73738E-03  0.72665E-03  0.71646E-03  0.70666E-03  0.69702E-03  0.68717E-03  0.67654E-03  0.13138E-02  0.12374E-02  0.32411E-02
18.8 0.90065E-03  0.88235E-03  0.86481E-03  0.84799E-03  0.83189E-03  0.81650E-03  0.80181E-03  0.78781E-03  0.77449E-03  0.76185E-03  0.74987E-03  0.73854E-03  0.72780E-03  0.71761E-03  0.70783E-03  0.69825E-03  0.68852E-03  0.67813E-03  0.13183E-02  0.12454E-02  0.33192E-02
18.9 0.90157E-03  0.88334E-03  0.86584E-03  0.84906E-03  0.83300E-03  0.81763E-03  0.80296E-03  0.78897E-03  0.77566E-03  0.76302E-03  0.75104E-03  0.73969E-03  0.72895E-03  0.71874E-03  0.70897E-03  0.69942E-03  0.68978E-03  0.67954E-03  0.13221E-02  0.12516E-02  0.33805E-02
19.0 0.90249E-03  0.88431E-03  0.86686E-03  0.85012E-03  0.83409E-03  0.81875E-03  0.80410E-03  0.79013E-03  0.77682E-03  0.76418E-03  0.75219E-03  0.74084E-03  0.73009E-03  0.71988E-03  0.71012E-03  0.70061E-03  0.69108E-03  0.68104E-03  0.13264E-02  0.12590E-02  0.34573E-02
19.1 0.90340E-03  0.88528E-03  0.86787E-03  0.85118E-03  0.83518E-03  0.81987E-03  0.80524E-03  0.79128E-03  0.77798E-03  0.76534E-03  0.75335E-03  0.74199E-03  0.73123E-03  0.72102E-03  0.71127E-03  0.70182E-03  0.69239E-03  0.68258E-03  0.13308E-02  0.12668E-02  0.35451E-02
19.2 0.90431E-03  0.88623E-03  0.86888E-03  0.85222E-03  0.83626E-03  0.82098E-03  0.80637E-03  0.79242E-03  0.77913E-03  0.76649E-03  0.75450E-03  0.74313E-03  0.73236E-03  0.72214E-03  0.71240E-03  0.70298E-03  0.69363E-03  0.68397E-03  0.13346E-02  0.12733E-02  0.36175E-02
19.3 0.90520E-03  0.88719E-03  0.86988E-03  0.85326E-03  0.83733E-03  0.82208E-03  0.80749E-03  0.79356E-03  0.78028E-03  0.76764E-03  0.75564E-03  0.74426E-03  0.73348E-03  0.72326E-03  0.71352E-03  0.70412E-03  0.69485E-03  0.68533E-03  0.13382E-02  0.12794E-02  0.36882E-02
19.4 0.90609E-03  0.88813E-03  0.87087E-03  0.85430E-03  0.83840E-03  0.82317E-03  0.80860E-03  0.79469E-03  0.78141E-03  0.76878E-03  0.75678E-03  0.74539E-03  0.73461E-03  0.72438E-03  0.71463E-03  0.70526E-03  0.69604E-03  0.68665E-03  0.13417E-02  0.12852E-02  0.37574E-02
19.5 0.90698E-03  0.88907E-03  0.87185E-03  0.85532E-03  0.83946E-03  0.82426E-03  0.80971E-03  0.79581E-03  0.78255E-03  0.76992E-03  0.75791E-03  0.74652E-03  0.73572E-03  0.72549E-03  0.71574E-03  0.70638E-03  0.69722E-03  0.68794E-03  0.13450E-02  0.12907E-02  0.38248E-02
19.6 0.90785E-03  0.88999E-03  0.87283E-03  0.85634E-03  0.84051E-03  0.82534E-03  0.81081E-03  0.79693E-03  0.78367E-03  0.77105E-03  0.75904E-03  0.74764E-03  0.73684E-03  0.72659E-03  0.71684E-03  0.70748E-03  0.69834E-03  0.68914E-03  0.13479E-02  0.12952E-02  0.38784E-02
19.7 0.90872E-03  0.89092E-03  0.87380E-03  0.85735E-03  0.84155E-03  0.82641E-03  0.81191E-03  0.79804E-03  0.78479E-03  0.77217E-03  0.76017E-03  0.74876E-03  0.73795E-03  0.72769E-03  0.71794E-03  0.70860E-03  0.69952E-03  0.69043E-03  0.13513E-02  0.13009E-02  0.39546E-02
19.8 0.90958E-03  0.89183E-03  0.87476E-03  0.85835E-03  0.84259E-03  0.82747E-03  0.81299E-03  0.79914E-03  0.78591E-03  0.77329E-03  0.76129E-03  0.74988E-03  0.73905E-03  0.72878E-03  0.71902E-03  0.70969E-03  0.70062E-03  0.69158E-03  0.13541E-02  0.13050E-02  0.40050E-02
19.9 0.91044E-03  0.89274E-03  0.87571E-03  0.85934E-03  0.84362E-03  0.82853E-03  0.81407E-03  0.80024E-03  0.78702E-03  0.77441E-03  0.76240E-03  0.75099E-03  0.74015E-03  0.72988E-03  0.72011E-03  0.71079E-03  0.70176E-03  0.69282E-03  0.13572E-02  0.13102E-02  0.40774E-02
20.0 0.91129E-03  0.89364E-03  0.87666E-03  0.86033E-03  0.84464E-03  0.82958E-03  0.81515E-03  0.80133E-03  0.78812E-03  0.77552E-03  0.76351E-03  0.75209E-03  0.74125E-03  0.73096E-03  0.72119E-03  0.71186E-03  0.70285E-03  0.69395E-03  0.13598E-02  0.13140E-02  0.41256E-02
