 2.0 0.32004E-09  0.13767E-11  0.18468E-14  0.76461E-18  0.35363E-26  0.00000E+00  0.00000E+00  0.00000E+00  0.00000E+00  0.00000E+00
 2.1 0.00000E+00  0.00000E+00  0.00000E+00  0.00000E+00  0.00000E+00  0.00000E+00  0.00000E+00  0.00000E+00  0.00000E+00  0.00000E+00
 2.2 0.52947E-08  0.64791E-10  0.29201E-12  0.47957E-15  0.57139E-22  0.90000E-36  0.00000E+00  0.00000E+00  0.00000E+00  0.00000E+00
 2.3 0.13932E-07  0.37855E-11  0.00000E+00  0.00000E+00  0.00000E+00  0.00000E+00  0.00000E+00  0.00000E+00  0.00000E+00  0.00000E+00
 2.4 0.43357E-07  0.11956E-08  0.13850E-10  0.66772E-13  0.10108E-18  0.18402E-30  0.00000E+00  0.00000E+00  0.00000E+00  0.00000E+00
 2.5 0.98930E-07  0.29561E-08  0.00000E+00  0.00000E+00  0.00000E+00  0.00000E+00  0.00000E+00  0.00000E+00  0.00000E+00  0.00000E+00
 2.6 0.21463E-06  0.11282E-07  0.27712E-09  0.31600E-11  0.36413E-16  0.16600E-26  0.00000E+00  0.00000E+00  0.00000E+00  0.00000E+00
 2.7 0.41207E-06  0.26709E-07  0.60590E-09  0.00000E+00  0.00000E+00  0.00000E+00  0.00000E+00  0.00000E+00  0.00000E+00  0.00000E+00
 2.8 0.73373E-06  0.64929E-07  0.29326E-08  0.67526E-10  0.40601E-14  0.78843E-23  0.18900E-34  0.00000E+00  0.00000E+00  0.00000E+00
 2.9 0.12191E-05  0.13272E-06  0.70106E-08  0.12031E-09  0.00000E+00  0.00000E+00  0.00000E+00  0.00000E+00  0.00000E+00  0.00000E+00
 3.0 0.18988E-05  0.25736E-06  0.19179E-07  0.79216E-09  0.18573E-12  0.48286E-20  0.29689E-30  0.00000E+00  0.00000E+00  0.00000E+00
 3.1 0.28160E-05  0.45759E-06  0.41036E-07  0.18478E-08  0.00000E+00  0.00000E+00  0.00000E+00  0.00000E+00  0.00000E+00  0.00000E+00
 3.2 0.39723E-05  0.76578E-06  0.86555E-07  0.58609E-08  0.42768E-11  0.97891E-18  0.92343E-27  0.00000E+00  0.00000E+00  0.00000E+00
 3.3 0.53933E-05  0.12124E-05  0.16289E-06  0.12930E-07  0.36228E-11  0.00000E+00  0.00000E+00  0.00000E+00  0.00000E+00  0.00000E+00
 3.4 0.70496E-05  0.18219E-05  0.29213E-06  0.30245E-07  0.57463E-10  0.83075E-16  0.79871E-24  0.00000E+00  0.00000E+00  0.00000E+00
 3.5 0.89359E-05  0.26270E-05  0.49029E-06  0.60024E-07  0.12034E-09  0.00000E+00  0.00000E+00  0.00000E+00  0.00000E+00  0.00000E+00
 3.6 0.11005E-04  0.36330E-05  0.78277E-06  0.11728E-06  0.50284E-09  0.35151E-14  0.24723E-21  0.20186E-34  0.00000E+00  0.00000E+00
 3.7 0.13222E-04  0.48612E-05  0.11936E-05  0.20964E-06  0.11213E-08  0.00000E+00  0.00000E+00  0.00000E+00  0.00000E+00  0.00000E+00
 3.8 0.15536E-04  0.62944E-05  0.17429E-05  0.36149E-06  0.31146E-08  0.84677E-13  0.33482E-19  0.11240E-30  0.00000E+00  0.00000E+00
 3.9 0.17900E-04  0.79336E-05  0.24563E-05  0.58929E-06  0.65351E-08  0.00000E+00  0.00000E+00  0.00000E+00  0.00000E+00  0.00000E+00
 4.0 0.20270E-04  0.97444E-05  0.33404E-05  0.92451E-06  0.14560E-07  0.12859E-11  0.22855E-17  0.93117E-28  0.00000E+00  0.00000E+00
 4.1 0.22597E-04  0.11707E-04  0.44138E-05  0.13934E-05  0.28038E-07  0.19606E-11  0.00000E+00  0.00000E+00  0.00000E+00  0.00000E+00
 4.2 0.24856E-04  0.13782E-04  0.56666E-05  0.20283E-05  0.54005E-07  0.13335E-10  0.88561E-16  0.32147E-25  0.00000E+00  0.00000E+00
 4.3 0.27007E-04  0.15933E-04  0.71028E-05  0.28617E-05  0.95520E-07  0.27719E-10  0.00000E+00  0.00000E+00  0.00000E+00  0.00000E+00
 4.4 0.29038E-04  0.18122E-04  0.86992E-05  0.39184E-05  0.16536E-06  0.10060E-09  0.21379E-14  0.54614E-23  0.25200E-34  0.00000E+00
 4.5 0.30925E-04  0.20312E-04  0.10443E-04  0.52303E-05  0.27083E-06  0.21534E-09  0.00000E+00  0.00000E+00  0.00000E+00  0.00000E+00
 4.6 0.32668E-04  0.22474E-04  0.12303E-04  0.68071E-05  0.43144E-06  0.58076E-09  0.34608E-13  0.49772E-21  0.19249E-31  0.00000E+00
 4.7 0.34255E-04  0.24574E-04  0.14255E-04  0.86716E-05  0.66064E-06  0.11899E-08  0.30226E-13  0.00000E+00  0.00000E+00  0.00000E+00
 4.8 0.35695E-04  0.26593E-04  0.16268E-04  0.10815E-04  0.98387E-06  0.26734E-08  0.39900E-12  0.26888E-19  0.69713E-29  0.00000E+00
 4.9 0.36987E-04  0.28505E-04  0.18311E-04  0.13244E-04  0.14215E-05  0.51347E-08  0.71338E-12  0.00000E+00  0.00000E+00  0.00000E+00
 5.0 0.38140E-04  0.30305E-04  0.20355E-04  0.15934E-04  0.20021E-05  0.10147E-07  0.34412E-11  0.92754E-18  0.13319E-26  0.00000E+00
 5.1 0.39164E-04  0.31978E-04  0.22373E-04  0.18873E-04  0.27518E-05  0.18212E-07  0.70927E-11  0.00000E+00  0.00000E+00  0.00000E+00
 5.2 0.40068E-04  0.33522E-04  0.24343E-04  0.22023E-04  0.36977E-05  0.32651E-07  0.23122E-10  0.21730E-16  0.14623E-24  0.00000E+00
 5.3 0.40862E-04  0.34934E-04  0.26241E-04  0.25357E-04  0.48685E-05  0.54936E-07  0.48093E-10  0.00000E+00  0.00000E+00  0.00000E+00
 5.4 0.41558E-04  0.36219E-04  0.28056E-04  0.28832E-04  0.62851E-05  0.91127E-07  0.12518E-09  0.36399E-15  0.99677E-23  0.49988E-35
 5.5 0.42167E-04  0.37377E-04  0.29770E-04  0.32411E-04  0.79740E-05  0.14455E-06  0.25121E-09  0.36101E-16  0.00000E+00  0.00000E+00
 5.6 0.42697E-04  0.38419E-04  0.31381E-04  0.36051E-04  0.99455E-05  0.22488E-06  0.56182E-09  0.45497E-14  0.44616E-21  0.15443E-32
 5.7 0.43158E-04  0.39349E-04  0.32877E-04  0.39710E-04  0.12220E-04  0.33834E-06  0.10706E-08  0.60760E-14  0.00000E+00  0.00000E+00
 5.8 0.43560E-04  0.40176E-04  0.34260E-04  0.43354E-04  0.14794E-04  0.49863E-06  0.21405E-08  0.44006E-13  0.13827E-19  0.28028E-30
 5.9 0.43910E-04  0.40909E-04  0.35528E-04  0.46943E-04  0.17677E-04  0.71577E-06  0.38584E-08  0.81283E-13  0.00000E+00  0.00000E+00
 6.0 0.44214E-04  0.41557E-04  0.36686E-04  0.50448E-04  0.20852E-04  0.10071E-05  0.70653E-08  0.33968E-12  0.30992E-18  0.31719E-28
 6.1 0.44480E-04  0.42127E-04  0.37734E-04  0.53840E-04  0.24318E-04  0.13867E-05  0.12059E-07  0.68507E-12  0.00000E+00  0.00000E+00
 6.2 0.44711E-04  0.42629E-04  0.38681E-04  0.57099E-04  0.28046E-04  0.18742E-05  0.20556E-07  0.21483E-11  0.52154E-17  0.23617E-26
 6.3 0.44915E-04  0.43068E-04  0.39532E-04  0.60203E-04  0.32021E-04  0.24872E-05  0.33331E-07  0.43685E-11  0.00000E+00  0.00000E+00
 6.4 0.45093E-04  0.43454E-04  0.40293E-04  0.63143E-04  0.36206E-04  0.32454E-05  0.53506E-07  0.11387E-10  0.68039E-16  0.12115E-24
 6.5 0.45251E-04  0.43793E-04  0.40972E-04  0.65905E-04  0.40575E-04  0.41688E-05  0.82755E-07  0.22591E-10  0.62515E-16  0.00000E+00
 6.6 0.45391E-04  0.44089E-04  0.41577E-04  0.68491E-04  0.45090E-04  0.52740E-05  0.12621E-06  0.51578E-10  0.70744E-15  0.44565E-23
 6.7 0.45517E-04  0.44350E-04  0.42112E-04  0.70891E-04  0.49717E-04  0.65810E-05  0.18699E-06  0.98449E-10  0.11165E-14  0.00000E+00
 6.8 0.45629E-04  0.44579E-04  0.42587E-04  0.73111E-04  0.54416E-04  0.81015E-05  0.27278E-06  0.20307E-09  0.60048E-14  0.12167E-21
 6.9 0.45731E-04  0.44780E-04  0.43006E-04  0.75152E-04  0.59153E-04  0.98522E-05  0.38877E-06  0.37093E-09  0.11280E-13  0.00000E+00
 7.0 0.45822E-04  0.44958E-04  0.43376E-04  0.77023E-04  0.63889E-04  0.11838E-04  0.54546E-06  0.70531E-09  0.42491E-13  0.25412E-20
 7.1 0.45907E-04  0.45116E-04  0.43702E-04  0.78728E-04  0.68590E-04  0.14070E-04  0.75067E-06  0.12316E-08  0.84419E-13  0.00000E+00
 7.2 0.45984E-04  0.45256E-04  0.43990E-04  0.80279E-04  0.73228E-04  0.16544E-04  0.10176E-05  0.21890E-08  0.25528E-12  0.41686E-19
 7.3 0.46056E-04  0.45382E-04  0.44246E-04  0.81684E-04  0.77769E-04  0.19265E-04  0.13571E-05  0.36583E-08  0.51013E-12  0.00000E+00
 7.4 0.46123E-04  0.45495E-04  0.44470E-04  0.82952E-04  0.82191E-04  0.22222E-04  0.17845E-05  0.61398E-08  0.13233E-11  0.54968E-18
 7.5 0.46186E-04  0.45596E-04  0.44669E-04  0.84093E-04  0.86469E-04  0.25409E-04  0.23131E-05  0.98429E-08  0.25969E-11  0.29220E-18
 7.6 0.46244E-04  0.45689E-04  0.44846E-04  0.85120E-04  0.90589E-04  0.28808E-04  0.29599E-05  0.15721E-07  0.60027E-11  0.59469E-17
 7.7 0.46300E-04  0.45773E-04  0.45003E-04  0.86040E-04  0.94530E-04  0.32406E-04  0.37402E-05  0.24240E-07  0.11435E-10  0.77660E-17
 7.8 0.46353E-04  0.45850E-04  0.45143E-04  0.86863E-04  0.98287E-04  0.36181E-04  0.46706E-05  0.37069E-07  0.24128E-10  0.53753E-16
 7.9 0.46404E-04  0.45921E-04  0.45269E-04  0.87598E-04  0.10184E-03  0.40112E-04  0.57677E-05  0.55133E-07  0.44378E-10  0.91504E-16
 8.0 0.46452E-04  0.45987E-04  0.45381E-04  0.88256E-04  0.10521E-03  0.44174E-04  0.70463E-05  0.81133E-07  0.86902E-10  0.41250E-15
 8.1 0.46499E-04  0.46049E-04  0.45483E-04  0.88842E-04  0.10836E-03  0.48341E-04  0.85226E-05  0.11672E-06  0.15402E-09  0.77981E-15
 8.2 0.46543E-04  0.46107E-04  0.45575E-04  0.89365E-04  0.11131E-03  0.52585E-04  0.10208E-04  0.16597E-06  0.28322E-09  0.27262E-14
 8.3 0.46587E-04  0.46161E-04  0.45659E-04  0.89833E-04  0.11407E-03  0.56880E-04  0.12117E-04  0.23159E-06  0.48369E-09  0.53513E-14
 8.4 0.46629E-04  0.46213E-04  0.45737E-04  0.90249E-04  0.11663E-03  0.61202E-04  0.14256E-04  0.31930E-06  0.84267E-09  0.15717E-13
 8.5 0.46670E-04  0.46262E-04  0.45807E-04  0.90622E-04  0.11899E-03  0.65521E-04  0.16637E-04  0.43323E-06  0.13882E-08  0.30983E-13
 8.6 0.46710E-04  0.46309E-04  0.45873E-04  0.90955E-04  0.12118E-03  0.69815E-04  0.19259E-04  0.58092E-06  0.23070E-08  0.79963E-13
 8.7 0.46748E-04  0.46354E-04  0.45934E-04  0.91256E-04  0.12319E-03  0.74058E-04  0.22131E-04  0.76818E-06  0.36717E-08  0.15549E-12
 8.8 0.46786E-04  0.46397E-04  0.45991E-04  0.91524E-04  0.12504E-03  0.78232E-04  0.25246E-04  0.10044E-05  0.58526E-08  0.36268E-12
 8.9 0.46823E-04  0.46439E-04  0.46045E-04  0.91766E-04  0.12673E-03  0.82313E-04  0.28607E-04  0.12973E-05  0.90164E-08  0.68902E-12
 9.0 0.46858E-04  0.46479E-04  0.46096E-04  0.91985E-04  0.12827E-03  0.86290E-04  0.32201E-04  0.16578E-05  0.13847E-07  0.14802E-11
 9.1 0.46893E-04  0.46519E-04  0.46144E-04  0.92184E-04  0.12968E-03  0.90140E-04  0.36025E-04  0.20954E-05  0.20689E-07  0.27333E-11
 9.2 0.46928E-04  0.46557E-04  0.46190E-04  0.92364E-04  0.13096E-03  0.93858E-04  0.40062E-04  0.26223E-05  0.30727E-07  0.54815E-11
 9.3 0.46961E-04  0.46594E-04  0.46234E-04  0.92530E-04  0.13212E-03  0.97429E-04  0.44301E-04  0.32495E-05  0.44617E-07  0.98150E-11
 9.4 0.46994E-04  0.46630E-04  0.46275E-04  0.92681E-04  0.13318E-03  0.10085E-03  0.48723E-04  0.39896E-05  0.64286E-07  0.18559E-10
 9.5 0.47027E-04  0.46665E-04  0.46316E-04  0.92821E-04  0.13414E-03  0.10410E-03  0.53313E-04  0.48546E-05  0.90891E-07  0.32198E-10
 9.6 0.47059E-04  0.46699E-04  0.46355E-04  0.92949E-04  0.13500E-03  0.10720E-03  0.58047E-04  0.58569E-05  0.12740E-06  0.57851E-10
 9.7 0.47090E-04  0.46734E-04  0.46393E-04  0.93069E-04  0.13578E-03  0.11013E-03  0.62905E-04  0.70086E-05  0.17571E-06  0.97258E-10
 9.8 0.47120E-04  0.46767E-04  0.46430E-04  0.93181E-04  0.13649E-03  0.11289E-03  0.67866E-04  0.83207E-05  0.24016E-06  0.16704E-09
 9.9 0.47150E-04  0.46799E-04  0.46465E-04  0.93286E-04  0.13713E-03  0.11549E-03  0.72906E-04  0.98049E-05  0.32371E-06  0.27236E-09
10.0 0.47180E-04  0.46830E-04  0.46500E-04  0.93385E-04  0.13771E-03  0.11792E-03  0.78000E-04  0.11470E-04  0.43235E-06  0.44935E-09
10.1 0.47209E-04  0.46861E-04  0.46534E-04  0.93478E-04  0.13824E-03  0.12020E-03  0.83128E-04  0.13326E-04  0.57043E-06  0.71137E-09
10.2 0.47237E-04  0.46893E-04  0.46567E-04  0.93567E-04  0.13871E-03  0.12232E-03  0.88265E-04  0.15378E-04  0.74584E-06  0.11320E-08
10.3 0.47265E-04  0.46922E-04  0.46600E-04  0.93652E-04  0.13914E-03  0.12430E-03  0.93391E-04  0.17634E-04  0.96468E-06  0.17423E-08
10.4 0.47293E-04  0.46951E-04  0.46631E-04  0.93733E-04  0.13953E-03  0.12613E-03  0.98482E-04  0.20096E-04  0.12369E-05  0.26833E-08
10.5 0.47320E-04  0.46981E-04  0.46662E-04  0.93811E-04  0.13988E-03  0.12782E-03  0.10352E-03  0.22769E-04  0.15706E-05  0.40211E-08
10.6 0.47346E-04  0.47009E-04  0.46693E-04  0.93885E-04  0.14021E-03  0.12939E-03  0.10848E-03  0.25650E-04  0.19778E-05  0.60105E-08
10.7 0.47373E-04  0.47037E-04  0.46722E-04  0.93958E-04  0.14050E-03  0.13083E-03  0.11335E-03  0.28740E-04  0.24687E-05  0.87829E-08
10.8 0.47398E-04  0.47065E-04  0.46751E-04  0.94028E-04  0.14077E-03  0.13216E-03  0.11812E-03  0.32033E-04  0.30573E-05  0.12774E-07
10.9 0.47424E-04  0.47092E-04  0.46781E-04  0.94096E-04  0.14102E-03  0.13338E-03  0.12277E-03  0.35526E-04  0.37557E-05  0.18228E-07
11.0 0.47448E-04  0.47118E-04  0.46809E-04  0.94162E-04  0.14124E-03  0.13450E-03  0.12729E-03  0.39209E-04  0.45796E-05  0.25854E-07
11.1 0.47473E-04  0.47144E-04  0.46837E-04  0.94226E-04  0.14145E-03  0.13553E-03  0.13166E-03  0.43075E-04  0.55431E-05  0.36075E-07
11.2 0.47497E-04  0.47170E-04  0.46864E-04  0.94289E-04  0.14164E-03  0.13647E-03  0.13588E-03  0.47109E-04  0.66626E-05  0.49994E-07
11.3 0.47521E-04  0.47196E-04  0.46892E-04  0.94350E-04  0.14182E-03  0.13733E-03  0.13995E-03  0.51303E-04  0.79538E-05  0.68308E-07
11.4 0.47545E-04  0.47222E-04  0.46918E-04  0.94410E-04  0.14199E-03  0.13811E-03  0.14385E-03  0.55640E-04  0.94333E-05  0.92659E-07
11.5 0.47568E-04  0.47246E-04  0.46945E-04  0.94468E-04  0.14215E-03  0.13883E-03  0.14758E-03  0.60107E-04  0.11118E-04  0.12413E-06
11.6 0.47590E-04  0.47270E-04  0.46970E-04  0.94526E-04  0.14230E-03  0.13948E-03  0.15114E-03  0.64684E-04  0.13023E-04  0.16507E-06
11.7 0.47613E-04  0.47295E-04  0.46996E-04  0.94583E-04  0.14243E-03  0.14008E-03  0.15453E-03  0.69360E-04  0.15165E-04  0.21709E-06
11.8 0.47635E-04  0.47318E-04  0.47021E-04  0.94638E-04  0.14256E-03  0.14062E-03  0.15775E-03  0.74114E-04  0.17558E-04  0.28340E-06
11.9 0.47657E-04  0.47342E-04  0.47045E-04  0.94693E-04  0.14269E-03  0.14112E-03  0.16080E-03  0.78926E-04  0.20220E-04  0.36633E-06
12.0 0.47678E-04  0.47364E-04  0.47070E-04  0.94746E-04  0.14281E-03  0.14157E-03  0.16368E-03  0.83782E-04  0.23159E-04  0.47009E-06
12.1 0.47699E-04  0.47387E-04  0.47094E-04  0.94799E-04  0.14292E-03  0.14199E-03  0.16639E-03  0.88663E-04  0.26392E-04  0.59788E-06
12.2 0.47720E-04  0.47410E-04  0.47118E-04  0.94851E-04  0.14303E-03  0.14236E-03  0.16895E-03  0.93552E-04  0.29926E-04  0.75505E-06
12.3 0.47740E-04  0.47432E-04  0.47141E-04  0.94902E-04  0.14313E-03  0.14271E-03  0.17135E-03  0.98429E-04  0.33772E-04  0.94584E-06
12.4 0.47761E-04  0.47453E-04  0.47164E-04  0.94953E-04  0.14323E-03  0.14303E-03  0.17360E-03  0.10328E-03  0.37935E-04  0.11768E-05
12.5 0.47781E-04  0.47475E-04  0.47186E-04  0.95003E-04  0.14333E-03  0.14332E-03  0.17570E-03  0.10809E-03  0.42422E-04  0.14533E-05
12.6 0.47801E-04  0.47496E-04  0.47209E-04  0.95052E-04  0.14342E-03  0.14359E-03  0.17767E-03  0.11284E-03  0.47233E-04  0.17833E-05
12.7 0.47820E-04  0.47517E-04  0.47232E-04  0.95101E-04  0.14351E-03  0.14383E-03  0.17950E-03  0.11752E-03  0.52371E-04  0.21733E-05
12.8 0.47840E-04  0.47537E-04  0.47254E-04  0.95148E-04  0.14360E-03  0.14406E-03  0.18120E-03  0.12212E-03  0.57831E-04  0.26321E-05
12.9 0.47858E-04  0.47558E-04  0.47275E-04  0.95196E-04  0.14369E-03  0.14427E-03  0.18279E-03  0.12663E-03  0.63613E-04  0.31680E-05
13.0 0.47877E-04  0.47578E-04  0.47296E-04  0.95243E-04  0.14377E-03  0.14446E-03  0.18426E-03  0.13102E-03  0.69707E-04  0.37907E-05
13.1 0.47896E-04  0.47598E-04  0.47317E-04  0.95288E-04  0.14385E-03  0.14464E-03  0.18563E-03  0.13531E-03  0.76105E-04  0.45095E-05
13.2 0.47913E-04  0.47618E-04  0.47338E-04  0.95333E-04  0.14393E-03  0.14481E-03  0.18689E-03  0.13947E-03  0.82795E-04  0.53350E-05
13.3 0.47932E-04  0.47637E-04  0.47358E-04  0.95378E-04  0.14401E-03  0.14497E-03  0.18806E-03  0.14350E-03  0.89768E-04  0.62774E-05
13.4 0.47949E-04  0.47656E-04  0.47379E-04  0.95422E-04  0.14409E-03  0.14511E-03  0.18914E-03  0.14739E-03  0.97002E-04  0.73482E-05
13.5 0.47966E-04  0.47675E-04  0.47399E-04  0.95467E-04  0.14417E-03  0.14525E-03  0.19014E-03  0.15115E-03  0.10449E-03  0.85583E-05
13.6 0.47984E-04  0.47693E-04  0.47419E-04  0.95509E-04  0.14424E-03  0.14538E-03  0.19106E-03  0.15476E-03  0.11220E-03  0.99192E-05
13.7 0.48001E-04  0.47712E-04  0.47438E-04  0.95553E-04  0.14431E-03  0.14550E-03  0.19191E-03  0.15822E-03  0.12012E-03  0.11442E-04
13.8 0.48018E-04  0.47730E-04  0.47458E-04  0.95595E-04  0.14439E-03  0.14562E-03  0.19269E-03  0.16154E-03  0.12823E-03  0.13139E-04
13.9 0.48034E-04  0.47748E-04  0.47477E-04  0.95636E-04  0.14446E-03  0.14573E-03  0.19341E-03  0.16471E-03  0.13650E-03  0.15021E-04
14.0 0.48051E-04  0.47766E-04  0.47495E-04  0.95678E-04  0.14453E-03  0.14584E-03  0.19408E-03  0.16774E-03  0.14491E-03  0.17098E-04
14.1 0.48067E-04  0.47783E-04  0.47515E-04  0.95718E-04  0.14460E-03  0.14594E-03  0.19469E-03  0.17062E-03  0.15344E-03  0.19384E-04
14.2 0.48083E-04  0.47800E-04  0.47533E-04  0.95758E-04  0.14466E-03  0.14604E-03  0.19526E-03  0.17335E-03  0.16206E-03  0.21886E-04
14.3 0.48099E-04  0.47818E-04  0.47551E-04  0.95798E-04  0.14473E-03  0.14613E-03  0.19578E-03  0.17594E-03  0.17075E-03  0.24614E-04
14.4 0.48114E-04  0.47834E-04  0.47569E-04  0.95838E-04  0.14480E-03  0.14622E-03  0.19626E-03  0.17840E-03  0.17948E-03  0.27580E-04
14.5 0.48130E-04  0.47850E-04  0.47587E-04  0.95877E-04  0.14486E-03  0.14631E-03  0.19670E-03  0.18072E-03  0.18823E-03  0.30791E-04
14.6 0.48145E-04  0.47867E-04  0.47604E-04  0.95915E-04  0.14493E-03  0.14639E-03  0.19711E-03  0.18290E-03  0.19698E-03  0.34254E-04
14.7 0.48160E-04  0.47883E-04  0.47621E-04  0.95953E-04  0.14499E-03  0.14647E-03  0.19749E-03  0.18496E-03  0.20570E-03  0.37977E-04
14.8 0.48174E-04  0.47900E-04  0.47639E-04  0.95992E-04  0.14506E-03  0.14655E-03  0.19784E-03  0.18690E-03  0.21437E-03  0.41963E-04
14.9 0.48190E-04  0.47916E-04  0.47656E-04  0.96029E-04  0.14512E-03  0.14663E-03  0.19817E-03  0.18872E-03  0.22296E-03  0.46222E-04
15.0 0.48204E-04  0.47931E-04  0.47672E-04  0.96065E-04  0.14518E-03  0.14671E-03  0.19847E-03  0.19043E-03  0.23146E-03  0.50753E-04
15.1 0.48218E-04  0.47947E-04  0.47689E-04  0.96102E-04  0.14524E-03  0.14678E-03  0.19875E-03  0.19203E-03  0.23986E-03  0.55563E-04
15.2 0.48232E-04  0.47962E-04  0.47705E-04  0.96138E-04  0.14530E-03  0.14685E-03  0.19901E-03  0.19353E-03  0.24812E-03  0.60648E-04
15.3 0.48247E-04  0.47977E-04  0.47722E-04  0.96173E-04  0.14536E-03  0.14693E-03  0.19925E-03  0.19492E-03  0.25623E-03  0.66013E-04
15.4 0.48260E-04  0.47992E-04  0.47738E-04  0.96208E-04  0.14542E-03  0.14700E-03  0.19947E-03  0.19623E-03  0.26419E-03  0.71655E-04
15.5 0.48274E-04  0.48007E-04  0.47754E-04  0.96243E-04  0.14548E-03  0.14706E-03  0.19968E-03  0.19745E-03  0.27197E-03  0.77573E-04
15.6 0.48288E-04  0.48022E-04  0.47770E-04  0.96278E-04  0.14554E-03  0.14713E-03  0.19988E-03  0.19859E-03  0.27956E-03  0.83761E-04
15.7 0.48300E-04  0.48036E-04  0.47785E-04  0.96313E-04  0.14560E-03  0.14720E-03  0.20007E-03  0.19964E-03  0.28696E-03  0.90218E-04
15.8 0.48314E-04  0.48051E-04  0.47800E-04  0.96346E-04  0.14566E-03  0.14726E-03  0.20024E-03  0.20063E-03  0.29414E-03  0.96937E-04
15.9 0.48327E-04  0.48065E-04  0.47815E-04  0.96380E-04  0.14571E-03  0.14733E-03  0.20041E-03  0.20154E-03  0.30112E-03  0.10391E-03
16.0 0.48340E-04  0.48079E-04  0.47830E-04  0.96413E-04  0.14577E-03  0.14739E-03  0.20057E-03  0.20239E-03  0.30787E-03  0.11113E-03
16.1 0.48352E-04  0.48093E-04  0.47845E-04  0.96446E-04  0.14582E-03  0.14746E-03  0.20072E-03  0.20318E-03  0.31439E-03  0.11859E-03
16.2 0.48366E-04  0.48106E-04  0.47861E-04  0.96479E-04  0.14588E-03  0.14752E-03  0.20086E-03  0.20391E-03  0.32069E-03  0.12627E-03
16.3 0.48378E-04  0.48120E-04  0.47875E-04  0.96511E-04  0.14593E-03  0.14758E-03  0.20100E-03  0.20459E-03  0.32675E-03  0.13417E-03
16.4 0.48390E-04  0.48133E-04  0.47889E-04  0.96543E-04  0.14599E-03  0.14764E-03  0.20112E-03  0.20523E-03  0.33258E-03  0.14228E-03
16.5 0.48403E-04  0.48147E-04  0.47903E-04  0.96574E-04  0.14604E-03  0.14770E-03  0.20125E-03  0.20581E-03  0.33817E-03  0.15058E-03
16.6 0.48415E-04  0.48160E-04  0.47918E-04  0.96606E-04  0.14609E-03  0.14776E-03  0.20137E-03  0.20636E-03  0.34353E-03  0.15905E-03
16.7 0.48426E-04  0.48173E-04  0.47932E-04  0.96636E-04  0.14615E-03  0.14782E-03  0.20148E-03  0.20686E-03  0.34866E-03  0.16769E-03
16.8 0.48439E-04  0.48186E-04  0.47945E-04  0.96667E-04  0.14620E-03  0.14788E-03  0.20159E-03  0.20733E-03  0.35355E-03  0.17648E-03
16.9 0.48451E-04  0.48199E-04  0.47960E-04  0.96698E-04  0.14625E-03  0.14793E-03  0.20170E-03  0.20777E-03  0.35823E-03  0.18539E-03
17.0 0.48462E-04  0.48211E-04  0.47973E-04  0.96728E-04  0.14630E-03  0.14799E-03  0.20180E-03  0.20817E-03  0.36268E-03  0.19443E-03
17.1 0.48473E-04  0.48224E-04  0.47986E-04  0.96757E-04  0.14635E-03  0.14805E-03  0.20190E-03  0.20855E-03  0.36691E-03  0.20357E-03
17.2 0.48485E-04  0.48237E-04  0.47999E-04  0.96787E-04  0.14640E-03  0.14810E-03  0.20200E-03  0.20890E-03  0.37094E-03  0.21280E-03
17.3 0.48496E-04  0.48248E-04  0.48012E-04  0.96815E-04  0.14645E-03  0.14816E-03  0.20210E-03  0.20922E-03  0.37476E-03  0.22210E-03
17.4 0.48507E-04  0.48261E-04  0.48026E-04  0.96844E-04  0.14650E-03  0.14821E-03  0.20219E-03  0.20953E-03  0.37837E-03  0.23144E-03
17.5 0.48518E-04  0.48273E-04  0.48038E-04  0.96873E-04  0.14655E-03  0.14827E-03  0.20228E-03  0.20981E-03  0.38180E-03  0.24082E-03
17.6 0.48529E-04  0.48284E-04  0.48051E-04  0.96901E-04  0.14660E-03  0.14832E-03  0.20237E-03  0.21007E-03  0.38503E-03  0.25023E-03
17.7 0.48540E-04  0.48296E-04  0.48064E-04  0.96930E-04  0.14664E-03  0.14838E-03  0.20246E-03  0.21032E-03  0.38809E-03  0.25962E-03
17.8 0.48551E-04  0.48308E-04  0.48076E-04  0.96957E-04  0.14669E-03  0.14843E-03  0.20254E-03  0.21055E-03  0.39097E-03  0.26901E-03
17.9 0.48561E-04  0.48320E-04  0.48089E-04  0.96985E-04  0.14674E-03  0.14848E-03  0.20263E-03  0.21077E-03  0.39369E-03  0.27838E-03
18.0 0.48572E-04  0.48331E-04  0.48101E-04  0.97012E-04  0.14678E-03  0.14853E-03  0.20271E-03  0.21097E-03  0.39625E-03  0.28770E-03
18.1 0.48582E-04  0.48342E-04  0.48113E-04  0.97040E-04  0.14683E-03  0.14858E-03  0.20279E-03  0.21117E-03  0.39866E-03  0.29696E-03
18.2 0.48593E-04  0.48353E-04  0.48126E-04  0.97066E-04  0.14688E-03  0.14864E-03  0.20287E-03  0.21135E-03  0.40092E-03  0.30614E-03
18.3 0.48603E-04  0.48364E-04  0.48138E-04  0.97093E-04  0.14692E-03  0.14869E-03  0.20295E-03  0.21152E-03  0.40305E-03  0.31524E-03
18.4 0.48613E-04  0.48375E-04  0.48149E-04  0.97120E-04  0.14697E-03  0.14874E-03  0.20303E-03  0.21168E-03  0.40505E-03  0.32424E-03
18.5 0.48623E-04  0.48386E-04  0.48161E-04  0.97144E-04  0.14701E-03  0.14879E-03  0.20310E-03  0.21183E-03  0.40692E-03  0.33312E-03
18.6 0.48632E-04  0.48397E-04  0.48173E-04  0.97171E-04  0.14706E-03  0.14884E-03  0.20318E-03  0.21198E-03  0.40867E-03  0.34189E-03
18.7 0.48642E-04  0.48408E-04  0.48184E-04  0.97196E-04  0.14710E-03  0.14888E-03  0.20325E-03  0.21212E-03  0.41032E-03  0.35051E-03
18.8 0.48651E-04  0.48419E-04  0.48195E-04  0.97222E-04  0.14714E-03  0.14893E-03  0.20333E-03  0.21225E-03  0.41185E-03  0.35900E-03
18.9 0.48661E-04  0.48429E-04  0.48206E-04  0.97248E-04  0.14719E-03  0.14898E-03  0.20340E-03  0.21237E-03  0.41328E-03  0.36735E-03
19.0 0.48671E-04  0.48440E-04  0.48218E-04  0.97272E-04  0.14723E-03  0.14903E-03  0.20347E-03  0.21249E-03  0.41460E-03  0.37557E-03
19.1 0.48680E-04  0.48450E-04  0.48229E-04  0.97297E-04  0.14727E-03  0.14908E-03  0.20354E-03  0.21260E-03  0.41580E-03  0.38366E-03
19.2 0.48689E-04  0.48460E-04  0.48240E-04  0.97321E-04  0.14731E-03  0.14912E-03  0.20361E-03  0.21271E-03  0.41689E-03  0.39161E-03
19.3 0.48698E-04  0.48470E-04  0.48251E-04  0.97346E-04  0.14735E-03  0.14917E-03  0.20368E-03  0.21281E-03  0.41787E-03  0.39942E-03
19.4 0.48708E-04  0.48480E-04  0.48262E-04  0.97369E-04  0.14740E-03  0.14922E-03  0.20375E-03  0.21290E-03  0.41874E-03  0.40709E-03
19.5 0.48717E-04  0.48490E-04  0.48272E-04  0.97392E-04  0.14744E-03  0.14926E-03  0.20382E-03  0.21298E-03  0.41950E-03  0.41465E-03
19.6 0.48726E-04  0.48500E-04  0.48283E-04  0.97416E-04  0.14748E-03  0.14931E-03  0.20389E-03  0.21306E-03  0.42015E-03  0.42206E-03
19.7 0.48734E-04  0.48509E-04  0.48293E-04  0.97440E-04  0.14752E-03  0.14936E-03  0.20395E-03  0.21312E-03  0.42069E-03  0.42933E-03
19.8 0.48744E-04  0.48520E-04  0.48303E-04  0.97462E-04  0.14756E-03  0.14940E-03  0.20402E-03  0.21319E-03  0.42112E-03  0.43648E-03
19.9 0.48752E-04  0.48529E-04  0.48314E-04  0.97485E-04  0.14760E-03  0.14944E-03  0.20408E-03  0.21324E-03  0.42143E-03  0.44348E-03
20.0 0.48760E-04  0.48539E-04  0.48324E-04  0.97508E-04  0.14764E-03  0.14949E-03  0.20415E-03  0.21329E-03  0.42164E-03  0.45035E-03
