 2.0 0.58515E-10  0.25189E-12  0.33811E-15  0.14004E-18  0.64804E-27  0.00000E+00  0.00000E+00  0.00000E+00  0.00000E+00  0.00000E+00
 2.1 0.00000E+00  0.00000E+00  0.00000E+00  0.00000E+00  0.00000E+00  0.00000E+00  0.00000E+00  0.00000E+00  0.00000E+00  0.00000E+00
 2.2 0.94824E-09  0.11611E-10  0.52360E-13  0.86024E-16  0.10256E-22  0.12857E-36  0.00000E+00  0.00000E+00  0.00000E+00  0.00000E+00
 2.3 0.24960E-08  0.26499E-11  0.00000E+00  0.00000E+00  0.00000E+00  0.00000E+00  0.00000E+00  0.00000E+00  0.00000E+00  0.00000E+00
 2.4 0.76296E-08  0.21051E-09  0.24400E-11  0.11767E-13  0.17823E-19  0.32465E-31  0.00000E+00  0.00000E+00  0.00000E+00  0.00000E+00
 2.5 0.17314E-07  0.52361E-09  0.00000E+00  0.00000E+00  0.00000E+00  0.00000E+00  0.00000E+00  0.00000E+00  0.00000E+00  0.00000E+00
 2.6 0.37207E-07  0.19564E-08  0.48080E-10  0.54847E-12  0.63237E-17  0.29458E-27  0.00000E+00  0.00000E+00  0.00000E+00  0.00000E+00
 2.7 0.70994E-07  0.46169E-08  0.10646E-09  0.00000E+00  0.00000E+00  0.00000E+00  0.00000E+00  0.00000E+00  0.00000E+00  0.00000E+00
 2.8 0.12555E-06  0.11114E-07  0.50212E-09  0.11566E-10  0.69575E-15  0.13517E-23  0.32143E-35  0.00000E+00  0.00000E+00  0.00000E+00
 2.9 0.20743E-06  0.22607E-07  0.11990E-08  0.21052E-10  0.00000E+00  0.00000E+00  0.00000E+00  0.00000E+00  0.00000E+00  0.00000E+00
 3.0 0.32131E-06  0.43548E-07  0.32460E-08  0.13411E-09  0.31459E-13  0.81821E-21  0.50323E-31  0.00000E+00  0.00000E+00  0.00000E+00
 3.1 0.47413E-06  0.77054E-07  0.69201E-08  0.31327E-09  0.00000E+00  0.00000E+00  0.00000E+00  0.00000E+00  0.00000E+00  0.00000E+00
 3.2 0.66574E-06  0.12829E-06  0.14501E-07  0.98208E-09  0.71692E-12  0.16416E-18  0.15491E-27  0.00000E+00  0.00000E+00  0.00000E+00
 3.3 0.89997E-06  0.20221E-06  0.27179E-07  0.21615E-08  0.64686E-12  0.00000E+00  0.00000E+00  0.00000E+00  0.00000E+00  0.00000E+00
 3.4 0.11718E-05  0.30256E-06  0.48504E-07  0.50218E-08  0.95442E-11  0.13804E-16  0.13275E-24  0.00000E+00  0.00000E+00  0.00000E+00
 3.5 0.14799E-05  0.43454E-06  0.81086E-07  0.99344E-08  0.20103E-10  0.00000E+00  0.00000E+00  0.00000E+00  0.00000E+00  0.00000E+00
 3.6 0.18164E-05  0.59871E-06  0.12893E-06  0.19316E-07  0.82831E-10  0.57924E-15  0.40752E-22  0.33428E-35  0.00000E+00  0.00000E+00
 3.7 0.21756E-05  0.79835E-06  0.19590E-06  0.34413E-07  0.18466E-09  0.00000E+00  0.00000E+00  0.00000E+00  0.00000E+00  0.00000E+00
 3.8 0.25494E-05  0.10304E-05  0.28506E-06  0.59107E-07  0.50927E-09  0.13850E-13  0.54775E-20  0.18391E-31  0.00000E+00  0.00000E+00
 3.9 0.29297E-05  0.12949E-05  0.40045E-06  0.96046E-07  0.10666E-08  0.00000E+00  0.00000E+00  0.00000E+00  0.00000E+00  0.00000E+00
 4.0 0.33102E-05  0.15862E-05  0.54296E-06  0.15018E-06  0.23648E-08  0.20890E-12  0.37135E-18  0.15133E-28  0.00000E+00  0.00000E+00
 4.1 0.36829E-05  0.19009E-05  0.71540E-06  0.22570E-06  0.45431E-08  0.32271E-12  0.00000E+00  0.00000E+00  0.00000E+00  0.00000E+00
 4.2 0.40440E-05  0.22324E-05  0.91601E-06  0.32757E-06  0.87183E-08  0.21530E-11  0.14302E-16  0.51928E-26  0.00000E+00  0.00000E+00
 4.3 0.43874E-05  0.25753E-05  0.11454E-05  0.46095E-06  0.15382E-07  0.44868E-11  0.00000E+00  0.00000E+00  0.00000E+00  0.00000E+00
 4.4 0.47117E-05  0.29237E-05  0.13996E-05  0.62954E-06  0.26549E-07  0.16151E-10  0.34328E-15  0.87712E-24  0.39857E-35  0.00000E+00
 4.5 0.50129E-05  0.32715E-05  0.16765E-05  0.83831E-06  0.43378E-07  0.34566E-10  0.00000E+00  0.00000E+00  0.00000E+00  0.00000E+00
 4.6 0.52913E-05  0.36142E-05  0.19714E-05  0.10886E-05  0.68921E-07  0.92757E-10  0.55282E-14  0.79520E-22  0.30757E-32  0.00000E+00
 4.7 0.55456E-05  0.39466E-05  0.22801E-05  0.13837E-05  0.10530E-06  0.18983E-09  0.49648E-14  0.00000E+00  0.00000E+00  0.00000E+00
 4.8 0.57769E-05  0.42661E-05  0.25978E-05  0.17224E-05  0.15646E-06  0.42497E-09  0.63431E-13  0.42752E-20  0.11086E-29  0.00000E+00
 4.9 0.59853E-05  0.45688E-05  0.29196E-05  0.21053E-05  0.22558E-06  0.81497E-09  0.11400E-12  0.00000E+00  0.00000E+00  0.00000E+00
 5.0 0.61728E-05  0.48538E-05  0.32414E-05  0.25284E-05  0.31706E-06  0.16060E-08  0.54465E-12  0.14682E-18  0.21085E-27  0.00000E+00
 5.1 0.63404E-05  0.51188E-05  0.35585E-05  0.29898E-05  0.43496E-06  0.28776E-08  0.11239E-11  0.00000E+00  0.00000E+00  0.00000E+00
 5.2 0.64900E-05  0.53641E-05  0.38679E-05  0.34835E-05  0.58337E-06  0.51471E-08  0.36447E-11  0.34256E-17  0.23054E-25  0.00000E+00
 5.3 0.66234E-05  0.55890E-05  0.41661E-05  0.40054E-05  0.76676E-06  0.86456E-08  0.75792E-11  0.00000E+00  0.00000E+00  0.00000E+00
 5.4 0.67419E-05  0.57944E-05  0.44511E-05  0.45485E-05  0.98819E-06  0.14312E-07  0.19658E-10  0.57163E-16  0.15655E-23  0.74057E-36
 5.5 0.68476E-05  0.59808E-05  0.47205E-05  0.51069E-05  0.12518E-05  0.22665E-07  0.39416E-10  0.71390E-17  0.00000E+00  0.00000E+00
 5.6 0.69418E-05  0.61494E-05  0.49739E-05  0.56745E-05  0.15590E-05  0.35197E-07  0.87914E-10  0.71195E-15  0.69823E-22  0.24180E-33
 5.7 0.70260E-05  0.63012E-05  0.52097E-05  0.62445E-05  0.19127E-05  0.52873E-07  0.16735E-09  0.95874E-15  0.00000E+00  0.00000E+00
 5.8 0.71015E-05  0.64378E-05  0.54284E-05  0.68118E-05  0.23124E-05  0.77797E-07  0.33385E-09  0.68635E-14  0.21567E-20  0.43722E-31
 5.9 0.71695E-05  0.65604E-05  0.56295E-05  0.73703E-05  0.27595E-05  0.11151E-06  0.60105E-09  0.12710E-13  0.00000E+00  0.00000E+00
 6.0 0.72312E-05  0.66703E-05  0.58140E-05  0.79159E-05  0.32515E-05  0.15666E-06  0.10986E-08  0.52814E-13  0.48190E-19  0.49322E-29
 6.1 0.72873E-05  0.67689E-05  0.59821E-05  0.84438E-05  0.37875E-05  0.21543E-06  0.18727E-08  0.10659E-12  0.00000E+00  0.00000E+00
 6.2 0.73387E-05  0.68574E-05  0.61351E-05  0.89516E-05  0.43637E-05  0.29076E-06  0.31871E-08  0.33305E-12  0.80858E-18  0.36616E-27
 6.3 0.73861E-05  0.69371E-05  0.62736E-05  0.94356E-05  0.49770E-05  0.38538E-06  0.51614E-08  0.67718E-12  0.00000E+00  0.00000E+00
 6.4 0.74301E-05  0.70089E-05  0.63990E-05  0.98948E-05  0.56225E-05  0.50226E-06  0.82738E-08  0.17604E-11  0.10519E-16  0.18732E-25
 6.5 0.74714E-05  0.70739E-05  0.65122E-05  0.10327E-04  0.62957E-05  0.64439E-06  0.12782E-07  0.34909E-11  0.97865E-17  0.00000E+00
 6.6 0.75101E-05  0.71330E-05  0.66144E-05  0.10733E-04  0.69909E-05  0.81433E-06  0.19467E-07  0.79538E-11  0.10909E-15  0.68726E-24
 6.7 0.75467E-05  0.71870E-05  0.67066E-05  0.11110E-04  0.77028E-05  0.10150E-05  0.28811E-07  0.15170E-10  0.17284E-15  0.00000E+00
 6.8 0.75817E-05  0.72365E-05  0.67899E-05  0.11461E-04  0.84257E-05  0.12483E-05  0.41977E-07  0.31241E-10  0.92374E-15  0.18718E-22
 6.9 0.76151E-05  0.72823E-05  0.68653E-05  0.11786E-04  0.91538E-05  0.15165E-05  0.59763E-07  0.57015E-10  0.17377E-14  0.00000E+00
 7.0 0.76472E-05  0.73248E-05  0.69336E-05  0.12085E-04  0.98820E-05  0.18205E-05  0.83757E-07  0.10826E-09  0.65215E-14  0.39002E-21
 7.1 0.76784E-05  0.73645E-05  0.69958E-05  0.12359E-04  0.10605E-04  0.21618E-05  0.11515E-06  0.18887E-09  0.12962E-13  0.00000E+00
 7.2 0.77085E-05  0.74018E-05  0.70524E-05  0.12611E-04  0.11318E-04  0.25398E-05  0.15595E-06  0.33525E-09  0.39095E-13  0.63840E-20
 7.3 0.77379E-05  0.74371E-05  0.71043E-05  0.12841E-04  0.12016E-04  0.29552E-05  0.20776E-06  0.55979E-09  0.78117E-13  0.00000E+00
 7.4 0.77665E-05  0.74706E-05  0.71521E-05  0.13051E-04  0.12697E-04  0.34062E-05  0.27293E-06  0.93842E-09  0.20224E-12  0.84006E-19
 7.5 0.77946E-05  0.75026E-05  0.71962E-05  0.13244E-04  0.13356E-04  0.38919E-05  0.35348E-06  0.15031E-08  0.39674E-12  0.45619E-19
 7.6 0.78221E-05  0.75333E-05  0.72372E-05  0.13419E-04  0.13992E-04  0.44096E-05  0.45192E-06  0.23982E-08  0.91557E-12  0.90706E-18
 7.7 0.78491E-05  0.75630E-05  0.72756E-05  0.13578E-04  0.14601E-04  0.49574E-05  0.57058E-06  0.36947E-08  0.17432E-11  0.11902E-17
 7.8 0.78757E-05  0.75917E-05  0.73115E-05  0.13724E-04  0.15182E-04  0.55316E-05  0.71193E-06  0.56448E-08  0.36734E-11  0.81834E-17
 7.9 0.79018E-05  0.76196E-05  0.73455E-05  0.13858E-04  0.15734E-04  0.61293E-05  0.87848E-06  0.83885E-08  0.67522E-11  0.13957E-16
 8.0 0.79276E-05  0.76468E-05  0.73777E-05  0.13980E-04  0.16257E-04  0.67467E-05  0.10724E-05  0.12333E-07  0.13207E-10  0.62685E-16
 8.1 0.79530E-05  0.76733E-05  0.74086E-05  0.14092E-04  0.16750E-04  0.73797E-05  0.12962E-05  0.17730E-07  0.23392E-10  0.11860E-15
 8.2 0.79780E-05  0.76994E-05  0.74380E-05  0.14195E-04  0.17212E-04  0.80246E-05  0.15514E-05  0.25189E-07  0.42970E-10  0.41359E-15
 8.3 0.80028E-05  0.77249E-05  0.74664E-05  0.14290E-04  0.17646E-04  0.86771E-05  0.18403E-05  0.35121E-07  0.73338E-10  0.81207E-15
 8.4 0.80272E-05  0.77500E-05  0.74939E-05  0.14379E-04  0.18051E-04  0.93334E-05  0.21639E-05  0.48385E-07  0.12765E-09  0.23807E-14
 8.5 0.80514E-05  0.77747E-05  0.75205E-05  0.14461E-04  0.18428E-04  0.99895E-05  0.25236E-05  0.65602E-07  0.21014E-09  0.46926E-14
 8.6 0.80753E-05  0.77990E-05  0.75463E-05  0.14537E-04  0.18778E-04  0.10642E-04  0.29198E-05  0.87904E-07  0.34893E-09  0.12093E-13
 8.7 0.80989E-05  0.78230E-05  0.75716E-05  0.14609E-04  0.19104E-04  0.11287E-04  0.33533E-05  0.11616E-06  0.55497E-09  0.23510E-13
 8.8 0.81222E-05  0.78468E-05  0.75963E-05  0.14677E-04  0.19405E-04  0.11922E-04  0.38234E-05  0.15178E-06  0.88393E-09  0.54766E-13
 8.9 0.81452E-05  0.78702E-05  0.76205E-05  0.14741E-04  0.19683E-04  0.12543E-04  0.43301E-05  0.19591E-06  0.13609E-08  0.10401E-12
 9.0 0.81681E-05  0.78934E-05  0.76443E-05  0.14802E-04  0.19941E-04  0.13148E-04  0.48719E-05  0.25019E-06  0.20885E-08  0.22319E-12
 9.1 0.81906E-05  0.79162E-05  0.76677E-05  0.14860E-04  0.20179E-04  0.13735E-04  0.54479E-05  0.31604E-06  0.31184E-08  0.41200E-12
 9.2 0.82129E-05  0.79389E-05  0.76908E-05  0.14916E-04  0.20398E-04  0.14303E-04  0.60559E-05  0.39527E-06  0.46282E-08  0.82546E-12
 9.3 0.82349E-05  0.79613E-05  0.77136E-05  0.14969E-04  0.20601E-04  0.14849E-04  0.66942E-05  0.48954E-06  0.67163E-08  0.14774E-11
 9.4 0.82567E-05  0.79835E-05  0.77361E-05  0.15021E-04  0.20789E-04  0.15373E-04  0.73598E-05  0.60069E-06  0.96710E-08  0.27913E-11
 9.5 0.82783E-05  0.80054E-05  0.77582E-05  0.15071E-04  0.20962E-04  0.15873E-04  0.80502E-05  0.73056E-06  0.13666E-07  0.48402E-11
 9.6 0.82995E-05  0.80271E-05  0.77801E-05  0.15120E-04  0.21123E-04  0.16349E-04  0.87626E-05  0.88090E-06  0.19142E-07  0.86898E-11
 9.7 0.83206E-05  0.80486E-05  0.78019E-05  0.15167E-04  0.21271E-04  0.16801E-04  0.94934E-05  0.10536E-05  0.26388E-07  0.14602E-10
 9.8 0.83414E-05  0.80699E-05  0.78233E-05  0.15214E-04  0.21410E-04  0.17229E-04  0.10240E-04  0.12503E-05  0.36046E-07  0.25062E-10
 9.9 0.83620E-05  0.80909E-05  0.78446E-05  0.15259E-04  0.21539E-04  0.17633E-04  0.10998E-04  0.14726E-05  0.48559E-07  0.40843E-10
10.0 0.83824E-05  0.81117E-05  0.78657E-05  0.15304E-04  0.21659E-04  0.18013E-04  0.11764E-04  0.17219E-05  0.64820E-07  0.67341E-10
10.1 0.84028E-05  0.81324E-05  0.78865E-05  0.15347E-04  0.21772E-04  0.18371E-04  0.12536E-04  0.19996E-05  0.85475E-07  0.10656E-09
10.2 0.84221E-05  0.81529E-05  0.79072E-05  0.15390E-04  0.21877E-04  0.18706E-04  0.13309E-04  0.23065E-05  0.11171E-06  0.16946E-09
10.3 0.84423E-05  0.81731E-05  0.79276E-05  0.15433E-04  0.21977E-04  0.19019E-04  0.14080E-04  0.26439E-05  0.14441E-06  0.26070E-09
10.4 0.84616E-05  0.81931E-05  0.79479E-05  0.15475E-04  0.22071E-04  0.19312E-04  0.14847E-04  0.30119E-05  0.18508E-06  0.40127E-09
10.5 0.84809E-05  0.82129E-05  0.79680E-05  0.15516E-04  0.22160E-04  0.19586E-04  0.15605E-04  0.34113E-05  0.23489E-06  0.60105E-09
10.6 0.84994E-05  0.82326E-05  0.79879E-05  0.15557E-04  0.22245E-04  0.19841E-04  0.16354E-04  0.38416E-05  0.29566E-06  0.89795E-09
10.7 0.85187E-05  0.82519E-05  0.80076E-05  0.15598E-04  0.22326E-04  0.20078E-04  0.17089E-04  0.43030E-05  0.36887E-06  0.13115E-08
10.8 0.85371E-05  0.82712E-05  0.80272E-05  0.15638E-04  0.22403E-04  0.20299E-04  0.17809E-04  0.47946E-05  0.45662E-06  0.19067E-08
10.9 0.85556E-05  0.82902E-05  0.80466E-05  0.15677E-04  0.22478E-04  0.20504E-04  0.18512E-04  0.53159E-05  0.56070E-06  0.27193E-08
11.0 0.85732E-05  0.83091E-05  0.80658E-05  0.15717E-04  0.22550E-04  0.20695E-04  0.19195E-04  0.58652E-05  0.68341E-06  0.38552E-08
11.1 0.85917E-05  0.83278E-05  0.80848E-05  0.15756E-04  0.22619E-04  0.20873E-04  0.19858E-04  0.64417E-05  0.82685E-06  0.53770E-08
11.2 0.86093E-05  0.83461E-05  0.81037E-05  0.15795E-04  0.22686E-04  0.21039E-04  0.20499E-04  0.70435E-05  0.99346E-06  0.74482E-08
11.3 0.86270E-05  0.83644E-05  0.81224E-05  0.15833E-04  0.22752E-04  0.21193E-04  0.21117E-04  0.76688E-05  0.11856E-05  0.10173E-07
11.4 0.86438E-05  0.83825E-05  0.81409E-05  0.15871E-04  0.22816E-04  0.21337E-04  0.21711E-04  0.83155E-05  0.14056E-05  0.13794E-07
11.5 0.86614E-05  0.84003E-05  0.81593E-05  0.15908E-04  0.22878E-04  0.21471E-04  0.22281E-04  0.89814E-05  0.16559E-05  0.18471E-07
11.6 0.86782E-05  0.84179E-05  0.81774E-05  0.15946E-04  0.22939E-04  0.21596E-04  0.22827E-04  0.96640E-05  0.19390E-05  0.24552E-07
11.7 0.86950E-05  0.84356E-05  0.81954E-05  0.15983E-04  0.22999E-04  0.21714E-04  0.23347E-04  0.10361E-04  0.22572E-05  0.32277E-07
11.8 0.87109E-05  0.84532E-05  0.82133E-05  0.16020E-04  0.23058E-04  0.21824E-04  0.23843E-04  0.11070E-04  0.26127E-05  0.42121E-07
11.9 0.87277E-05  0.84700E-05  0.82310E-05  0.16056E-04  0.23116E-04  0.21927E-04  0.24315E-04  0.11787E-04  0.30076E-05  0.54426E-07
12.0 0.87437E-05  0.84868E-05  0.82485E-05  0.16092E-04  0.23173E-04  0.22025E-04  0.24762E-04  0.12511E-04  0.34440E-05  0.69815E-07
12.1 0.87596E-05  0.85036E-05  0.82659E-05  0.16128E-04  0.23229E-04  0.22117E-04  0.25186E-04  0.13239E-04  0.39236E-05  0.88761E-07
12.2 0.87756E-05  0.85203E-05  0.82831E-05  0.16164E-04  0.23284E-04  0.22204E-04  0.25586E-04  0.13969E-04  0.44477E-05  0.11206E-06
12.3 0.87915E-05  0.85371E-05  0.83001E-05  0.16199E-04  0.23339E-04  0.22287E-04  0.25965E-04  0.14697E-04  0.50180E-05  0.14033E-06
12.4 0.88066E-05  0.85531E-05  0.83170E-05  0.16235E-04  0.23394E-04  0.22365E-04  0.26321E-04  0.15421E-04  0.56351E-05  0.17453E-06
12.5 0.88217E-05  0.85690E-05  0.83337E-05  0.16269E-04  0.23448E-04  0.22441E-04  0.26657E-04  0.16140E-04  0.63000E-05  0.21546E-06
12.6 0.88368E-05  0.85850E-05  0.83503E-05  0.16304E-04  0.23501E-04  0.22513E-04  0.26973E-04  0.16850E-04  0.70129E-05  0.26430E-06
12.7 0.88520E-05  0.86009E-05  0.83666E-05  0.16338E-04  0.23554E-04  0.22582E-04  0.27271E-04  0.17551E-04  0.77740E-05  0.32199E-06
12.8 0.88671E-05  0.86169E-05  0.83829E-05  0.16372E-04  0.23606E-04  0.22648E-04  0.27550E-04  0.18239E-04  0.85828E-05  0.38987E-06
12.9 0.88813E-05  0.86320E-05  0.83986E-05  0.16406E-04  0.23658E-04  0.22713E-04  0.27812E-04  0.18914E-04  0.94389E-05  0.46910E-06
13.0 0.88956E-05  0.86480E-05  0.84146E-05  0.16439E-04  0.23710E-04  0.22775E-04  0.28058E-04  0.19573E-04  0.10341E-04  0.56114E-06
13.1 0.89099E-05  0.86631E-05  0.84305E-05  0.16473E-04  0.23761E-04  0.22835E-04  0.28289E-04  0.20216E-04  0.11288E-04  0.66734E-06
13.2 0.89242E-05  0.86773E-05  0.84465E-05  0.16506E-04  0.23812E-04  0.22894E-04  0.28506E-04  0.20842E-04  0.12279E-04  0.78930E-06
13.3 0.89384E-05  0.86924E-05  0.84616E-05  0.16538E-04  0.23862E-04  0.22952E-04  0.28709E-04  0.21448E-04  0.13311E-04  0.92847E-06
13.4 0.89519E-05  0.87076E-05  0.84775E-05  0.16571E-04  0.23912E-04  0.23007E-04  0.28900E-04  0.22036E-04  0.14381E-04  0.10866E-05
13.5 0.89661E-05  0.87218E-05  0.84926E-05  0.16603E-04  0.23962E-04  0.23062E-04  0.29079E-04  0.22603E-04  0.15489E-04  0.12652E-05
13.6 0.89796E-05  0.87361E-05  0.85078E-05  0.16635E-04  0.24012E-04  0.23116E-04  0.29248E-04  0.23150E-04  0.16630E-04  0.14660E-05
13.7 0.89930E-05  0.87504E-05  0.85229E-05  0.16666E-04  0.24061E-04  0.23169E-04  0.29406E-04  0.23675E-04  0.17802E-04  0.16906E-05
13.8 0.90056E-05  0.87646E-05  0.85371E-05  0.16698E-04  0.24110E-04  0.23221E-04  0.29555E-04  0.24180E-04  0.19002E-04  0.19409E-05
13.9 0.90190E-05  0.87789E-05  0.85522E-05  0.16729E-04  0.24158E-04  0.23272E-04  0.29696E-04  0.24663E-04  0.20227E-04  0.22185E-05
14.0 0.90325E-05  0.87924E-05  0.85665E-05  0.16760E-04  0.24206E-04  0.23322E-04  0.29829E-04  0.25126E-04  0.21472E-04  0.25247E-05
14.1 0.90450E-05  0.88058E-05  0.85808E-05  0.16790E-04  0.24254E-04  0.23372E-04  0.29955E-04  0.25567E-04  0.22734E-04  0.28615E-05
14.2 0.90576E-05  0.88192E-05  0.85951E-05  0.16820E-04  0.24302E-04  0.23422E-04  0.30074E-04  0.25988E-04  0.24011E-04  0.32303E-05
14.3 0.90702E-05  0.88326E-05  0.86093E-05  0.16850E-04  0.24349E-04  0.23470E-04  0.30187E-04  0.26389E-04  0.25298E-04  0.36323E-05
14.4 0.90828E-05  0.88461E-05  0.86228E-05  0.16881E-04  0.24396E-04  0.23519E-04  0.30294E-04  0.26770E-04  0.26591E-04  0.40691E-05
14.5 0.90946E-05  0.88595E-05  0.86370E-05  0.16910E-04  0.24443E-04  0.23566E-04  0.30397E-04  0.27132E-04  0.27888E-04  0.45420E-05
14.6 0.91072E-05  0.88721E-05  0.86505E-05  0.16939E-04  0.24489E-04  0.23614E-04  0.30495E-04  0.27475E-04  0.29185E-04  0.50518E-05
14.7 0.91189E-05  0.88855E-05  0.86639E-05  0.16969E-04  0.24535E-04  0.23661E-04  0.30588E-04  0.27800E-04  0.30478E-04  0.56000E-05
14.8 0.91307E-05  0.88981E-05  0.86773E-05  0.16997E-04  0.24581E-04  0.23708E-04  0.30678E-04  0.28107E-04  0.31764E-04  0.61869E-05
14.9 0.91424E-05  0.89107E-05  0.86908E-05  0.17026E-04  0.24627E-04  0.23754E-04  0.30764E-04  0.28398E-04  0.33039E-04  0.68137E-05
15.0 0.91542E-05  0.89233E-05  0.87042E-05  0.17054E-04  0.24672E-04  0.23800E-04  0.30847E-04  0.28673E-04  0.34302E-04  0.74805E-05
15.1 0.91659E-05  0.89359E-05  0.87176E-05  0.17083E-04  0.24717E-04  0.23846E-04  0.30927E-04  0.28932E-04  0.35549E-04  0.81880E-05
15.2 0.91777E-05  0.89477E-05  0.87302E-05  0.17111E-04  0.24761E-04  0.23892E-04  0.31005E-04  0.29177E-04  0.36778E-04  0.89363E-05
15.3 0.91886E-05  0.89603E-05  0.87428E-05  0.17138E-04  0.24806E-04  0.23937E-04  0.31080E-04  0.29409E-04  0.37986E-04  0.97256E-05
15.4 0.92004E-05  0.89720E-05  0.87563E-05  0.17165E-04  0.24850E-04  0.23982E-04  0.31153E-04  0.29627E-04  0.39171E-04  0.10555E-04
15.5 0.92113E-05  0.89838E-05  0.87688E-05  0.17193E-04  0.24893E-04  0.24026E-04  0.31224E-04  0.29833E-04  0.40331E-04  0.11426E-04
15.6 0.92222E-05  0.89955E-05  0.87814E-05  0.17220E-04  0.24937E-04  0.24071E-04  0.31294E-04  0.30027E-04  0.41465E-04  0.12336E-04
15.7 0.92331E-05  0.90073E-05  0.87932E-05  0.17247E-04  0.24980E-04  0.24115E-04  0.31362E-04  0.30210E-04  0.42570E-04  0.13286E-04
15.8 0.92440E-05  0.90190E-05  0.88058E-05  0.17272E-04  0.25023E-04  0.24159E-04  0.31428E-04  0.30383E-04  0.43646E-04  0.14273E-04
15.9 0.92541E-05  0.90308E-05  0.88175E-05  0.17300E-04  0.25065E-04  0.24203E-04  0.31493E-04  0.30546E-04  0.44691E-04  0.15300E-04
16.0 0.92650E-05  0.90417E-05  0.88301E-05  0.17326E-04  0.25108E-04  0.24246E-04  0.31557E-04  0.30700E-04  0.45704E-04  0.16361E-04
16.1 0.92751E-05  0.90534E-05  0.88419E-05  0.17352E-04  0.25150E-04  0.24290E-04  0.31620E-04  0.30846E-04  0.46686E-04  0.17457E-04
16.2 0.92860E-05  0.90644E-05  0.88536E-05  0.17377E-04  0.25191E-04  0.24333E-04  0.31682E-04  0.30984E-04  0.47634E-04  0.18587E-04
16.3 0.92961E-05  0.90753E-05  0.88654E-05  0.17403E-04  0.25233E-04  0.24376E-04  0.31743E-04  0.31115E-04  0.48549E-04  0.19750E-04
16.4 0.93061E-05  0.90862E-05  0.88771E-05  0.17428E-04  0.25274E-04  0.24419E-04  0.31803E-04  0.31239E-04  0.49431E-04  0.20941E-04
16.5 0.93162E-05  0.90971E-05  0.88889E-05  0.17453E-04  0.25315E-04  0.24461E-04  0.31863E-04  0.31357E-04  0.50279E-04  0.22162E-04
16.6 0.93263E-05  0.91080E-05  0.88998E-05  0.17478E-04  0.25355E-04  0.24503E-04  0.31922E-04  0.31469E-04  0.51094E-04  0.23408E-04
16.7 0.93355E-05  0.91189E-05  0.89116E-05  0.17502E-04  0.25396E-04  0.24545E-04  0.31980E-04  0.31575E-04  0.51877E-04  0.24679E-04
16.8 0.93456E-05  0.91290E-05  0.89225E-05  0.17527E-04  0.25436E-04  0.24587E-04  0.32038E-04  0.31677E-04  0.52626E-04  0.25973E-04
16.9 0.93557E-05  0.91399E-05  0.89342E-05  0.17552E-04  0.25475E-04  0.24628E-04  0.32095E-04  0.31774E-04  0.53344E-04  0.27285E-04
17.0 0.93649E-05  0.91500E-05  0.89451E-05  0.17575E-04  0.25515E-04  0.24670E-04  0.32152E-04  0.31867E-04  0.54030E-04  0.28615E-04
17.1 0.93741E-05  0.91601E-05  0.89561E-05  0.17599E-04  0.25554E-04  0.24711E-04  0.32208E-04  0.31956E-04  0.54685E-04  0.29960E-04
17.2 0.93842E-05  0.91701E-05  0.89670E-05  0.17623E-04  0.25593E-04  0.24752E-04  0.32264E-04  0.32041E-04  0.55310E-04  0.31318E-04
17.3 0.93935E-05  0.91802E-05  0.89770E-05  0.17646E-04  0.25632E-04  0.24793E-04  0.32320E-04  0.32123E-04  0.55907E-04  0.32687E-04
17.4 0.94027E-05  0.91903E-05  0.89880E-05  0.17669E-04  0.25671E-04  0.24833E-04  0.32375E-04  0.32203E-04  0.56475E-04  0.34065E-04
17.5 0.94119E-05  0.92004E-05  0.89989E-05  0.17693E-04  0.25708E-04  0.24873E-04  0.32430E-04  0.32279E-04  0.57015E-04  0.35447E-04
17.6 0.94203E-05  0.92104E-05  0.90089E-05  0.17716E-04  0.25746E-04  0.24913E-04  0.32484E-04  0.32353E-04  0.57529E-04  0.36833E-04
17.7 0.94296E-05  0.92197E-05  0.90199E-05  0.17739E-04  0.25784E-04  0.24953E-04  0.32539E-04  0.32425E-04  0.58018E-04  0.38219E-04
17.8 0.94388E-05  0.92297E-05  0.90299E-05  0.17761E-04  0.25821E-04  0.24993E-04  0.32593E-04  0.32494E-04  0.58482E-04  0.39605E-04
17.9 0.94472E-05  0.92390E-05  0.90400E-05  0.17784E-04  0.25858E-04  0.25032E-04  0.32646E-04  0.32562E-04  0.58923E-04  0.40987E-04
18.0 0.94556E-05  0.92491E-05  0.90501E-05  0.17806E-04  0.25895E-04  0.25072E-04  0.32700E-04  0.32628E-04  0.59342E-04  0.42362E-04
18.1 0.94648E-05  0.92583E-05  0.90602E-05  0.17827E-04  0.25932E-04  0.25111E-04  0.32753E-04  0.32693E-04  0.59740E-04  0.43730E-04
18.2 0.94732E-05  0.92675E-05  0.90702E-05  0.17849E-04  0.25968E-04  0.25149E-04  0.32806E-04  0.32756E-04  0.60117E-04  0.45088E-04
18.3 0.94816E-05  0.92768E-05  0.90803E-05  0.17871E-04  0.26004E-04  0.25188E-04  0.32859E-04  0.32818E-04  0.60475E-04  0.46434E-04
18.4 0.94900E-05  0.92860E-05  0.90895E-05  0.17892E-04  0.26040E-04  0.25226E-04  0.32911E-04  0.32878E-04  0.60815E-04  0.47766E-04
18.5 0.94984E-05  0.92944E-05  0.90996E-05  0.17914E-04  0.26076E-04  0.25265E-04  0.32963E-04  0.32937E-04  0.61137E-04  0.49082E-04
18.6 0.95068E-05  0.93036E-05  0.91089E-05  0.17935E-04  0.26110E-04  0.25303E-04  0.33016E-04  0.32996E-04  0.61443E-04  0.50381E-04
18.7 0.95152E-05  0.93129E-05  0.91189E-05  0.17956E-04  0.26147E-04  0.25340E-04  0.33067E-04  0.33054E-04  0.61734E-04  0.51660E-04
18.8 0.95227E-05  0.93213E-05  0.91282E-05  0.17977E-04  0.26181E-04  0.25378E-04  0.33119E-04  0.33110E-04  0.62010E-04  0.52920E-04
18.9 0.95311E-05  0.93305E-05  0.91374E-05  0.17998E-04  0.26215E-04  0.25415E-04  0.33170E-04  0.33166E-04  0.62270E-04  0.54162E-04
19.0 0.95387E-05  0.93389E-05  0.91466E-05  0.18017E-04  0.26250E-04  0.25452E-04  0.33222E-04  0.33221E-04  0.62515E-04  0.55384E-04
19.1 0.95471E-05  0.93473E-05  0.91559E-05  0.18039E-04  0.26284E-04  0.25489E-04  0.33272E-04  0.33275E-04  0.62744E-04  0.56588E-04
19.2 0.95546E-05  0.93557E-05  0.91651E-05  0.18059E-04  0.26318E-04  0.25526E-04  0.33323E-04  0.33328E-04  0.62958E-04  0.57773E-04
19.3 0.95622E-05  0.93641E-05  0.91743E-05  0.18079E-04  0.26352E-04  0.25562E-04  0.33374E-04  0.33380E-04  0.63157E-04  0.58938E-04
19.4 0.95706E-05  0.93725E-05  0.91827E-05  0.18098E-04  0.26386E-04  0.25599E-04  0.33424E-04  0.33431E-04  0.63340E-04  0.60085E-04
19.5 0.95781E-05  0.93809E-05  0.91920E-05  0.18119E-04  0.26418E-04  0.25635E-04  0.33474E-04  0.33482E-04  0.63508E-04  0.61213E-04
19.6 0.95857E-05  0.93893E-05  0.92004E-05  0.18137E-04  0.26451E-04  0.25671E-04  0.33524E-04  0.33531E-04  0.63660E-04  0.62322E-04
19.7 0.95924E-05  0.93976E-05  0.92096E-05  0.18157E-04  0.26483E-04  0.25706E-04  0.33573E-04  0.33580E-04  0.63797E-04  0.63412E-04
19.8 0.96000E-05  0.94052E-05  0.92180E-05  0.18176E-04  0.26516E-04  0.25742E-04  0.33623E-04  0.33627E-04  0.63918E-04  0.64483E-04
19.9 0.96075E-05  0.94136E-05  0.92264E-05  0.18195E-04  0.26548E-04  0.25777E-04  0.33672E-04  0.33674E-04  0.64024E-04  0.65536E-04
20.0 0.96151E-05  0.94212E-05  0.92348E-05  0.18213E-04  0.26581E-04  0.25812E-04  0.33721E-04  0.33720E-04  0.64115E-04  0.66570E-04
