  1.57081969E-02  0.17028370    
  3.14163938E-02  0.18123665    
  4.71245907E-02  0.19989213    
  6.28327876E-02  0.22678214    
  7.85409808E-02  0.26191482    
  9.42491814E-02  0.30466944    
  0.10995738      0.35421032    
  0.12566558      0.40949738    
  0.14137377      0.46930790    
  0.15708196      0.53226471    
  0.17279017      0.59687048    
  0.18849836      0.66153884    
  0.20420656      0.72463375    
  0.21991476      0.78451747    
  0.23562296      0.83959639    
  0.25133115      0.88938439    
  0.26703936      0.93208241    
  0.28274754      0.96445227    
  0.29845574      0.98385090    
  0.31416392      0.98856944    
  0.32987213      0.97810864    
  0.34558034      0.95334584    
  0.36128852      0.91655809    
  0.37699673      0.87128401    
  0.39270493      0.82202113    
  0.40841311      0.77378893    
  0.42412132      0.73160297    
  0.43982953      0.69992298    
  0.45553771      0.68214351    
  0.47124591      0.68019211    
  0.48695409      0.69429570    
  0.50266230      0.72294730    
  0.51837051      0.76308084    
  0.53407872      0.81043172    
  0.54978687      0.86002588    
  0.56549507      0.90673488    
  0.58120328      0.94582862    
  0.59691149      0.97345161    
  0.61261970      0.98697805    
  0.62832785      0.98520464    
  0.64403605      0.96837217    
  0.65974426      0.93803084    
  0.67545247      0.89677888    
  0.69116068      0.84792197    
  0.70686889      0.79509610    
  0.72257704      0.73951280    
  0.73828524      0.68090975    
  0.75399345      0.62081182    
  0.76970166      0.56073970    
  0.78540987      0.50217104    
  0.80111802      0.44649836    
  0.81682622      0.39499357    
  0.83253443      0.34878817    
  0.84824264      0.30884263    
  0.86395085      0.27592584    
  0.87965906      0.25060022    
  0.89536721      0.23321760    
  0.91107541      0.22346647    
  0.92678362      0.22049832    
  0.94249183      0.22369452    
  0.95820004      0.22996326    

  1.57114752E-02  0.17028521    
  3.14229503E-02  0.18124278    
  4.71344255E-02  0.19990630    
  6.28459007E-02  0.22680798    
  7.85573721E-02  0.26195565    
  9.42688510E-02  0.30472806    
  0.10998033      0.35428873    
  0.12569180      0.40959671    
  0.14140327      0.46942803    
  0.15711474      0.53240436    
  0.17282623      0.59702766    
  0.18853770      0.66170949    
  0.20424917      0.72481310    
  0.21996066      0.78469974    
  0.23567213      0.83977455    
  0.25138360      0.88954979    
  0.26709509      0.93222445    
  0.28280655      0.96455741    
  0.29851803      0.98390657    
  0.31422949      0.98856497    
  0.32994097      0.97803831    
  0.34565246      0.95321125    
  0.36136392      0.91636944    
  0.37707540      0.87106007    
  0.39278689      0.82178932    
  0.40849835      0.77358270    
  0.42420983      0.73145866    
  0.43992132      0.69987541    
  0.45563278      0.68222100    
  0.47134426      0.68041217    
  0.48705572      0.69466102    
  0.50276721      0.72344339    
  0.51847869      0.76367682    
  0.53419018      0.81108135    
  0.54990160      0.86067206    
  0.56561309      0.90731710    
  0.58132458      0.94628721    
  0.59703606      0.97373641    
  0.61274755      0.98705316    
  0.62845898      0.98505270    
  0.64417046      0.96799707    
  0.65988195      0.93745655    
  0.67559344      0.89604890    
  0.69130492      0.84709376    
  0.70701641      0.79423660    
  0.72272784      0.73867619    
  0.73843932      0.68013120    
  0.75415081      0.62012494    
  0.76986229      0.56017601    
  0.78557378      0.50175828    
  0.80128521      0.44626021    
  0.81699669      0.39494923    
  0.83270818      0.34895125    
  0.84841967      0.30922136    
  0.86413115      0.27652261    
  0.87984264      0.25141153    
  0.89555407      0.23423408    
  0.91126555      0.22467211    
  0.92697704      0.22186987    
  0.94268852      0.22520263    
  0.95840001      0.23156744    

  1.57147534E-02  0.17028673    
  3.14295068E-02  0.18124892    
  4.71442603E-02  0.19992052    
  6.28590137E-02  0.22683395    
  7.85737634E-02  0.26199672    
  9.42885205E-02  0.30478677    
  0.11000328      0.35436720    
  0.12571803      0.40969595    
  0.14143278      0.46954826    
  0.15714753      0.53254443    
  0.17286229      0.59718508    
  0.18857704      0.66188055    
  0.20429179      0.72499293    
  0.22000656      0.78488219    
  0.23572131      0.83995265    
  0.25143605      0.88971525    
  0.26715082      0.93236554    
  0.28286555      0.96466196    
  0.29858032      0.98396134    
  0.31429505      0.98855972    
  0.33000982      0.97796756    
  0.34572458      0.95307606    
  0.36143932      0.91618013    
  0.37715408      0.87083542    
  0.39286885      0.82155699    
  0.40858358      0.77337635    
  0.42429835      0.73131454    
  0.44001311      0.69982845    
  0.45572785      0.68229938    
  0.47144261      0.68063343    
  0.48715734      0.69502777    
  0.50287211      0.72394115    
  0.51858687      0.76427418    
  0.53430164      0.81173164    
  0.55001634      0.86131883    
  0.56573111      0.90789866    
  0.58144587      0.94674474    
  0.59716064      0.97401953    
  0.61287540      0.98712635    
  0.62859011      0.98489869    
  0.64430487      0.96761954    
  0.66001964      0.93688065    
  0.67573440      0.89531767    
  0.69144917      0.84626514    
  0.70716393      0.79337841    
  0.72287863      0.73784214    
  0.73859340      0.67935628    
  0.75430816      0.61944324    
  0.77002293      0.55961865    
  0.78573769      0.50135314    
  0.80145240      0.44603059    
  0.81716716      0.39491430    
  0.83288193      0.34912449    
  0.84859669      0.30961075    
  0.86431146      0.27713013    
  0.88002622      0.25223365    
  0.89574093      0.23526107    
  0.91145569      0.22588784    
  0.92717046      0.22325078    
  0.94288522      0.22671933    
  0.95859998      0.23317905    

