  1.00000005E-03  0.31048214    
  2.00000009E-03  0.31087977    
  3.00000003E-03  0.31151453    
  4.00000019E-03  0.31235954    
  4.99999989E-03  0.31332728    
  6.00000005E-03  0.31437728    
  7.00000022E-03  0.31543764    
  8.00000038E-03  0.31643161    
  8.99999961E-03  0.31729770    
  9.99999978E-03  0.31797796    
  1.09999999E-02  0.31842554    
  1.20000001E-02  0.31862032    
  1.30000003E-02  0.31853291    
  1.40000004E-02  0.31818315    
  1.49999997E-02  0.31758597    
  1.60000008E-02  0.31678542    
  1.70000009E-02  0.31583145    
  1.79999992E-02  0.31479055    
  1.89999994E-02  0.31372586    
  1.99999996E-02  0.31271508    
  2.09999997E-02  0.31181812    
  2.19999999E-02  0.31109968    
  2.30000000E-02  0.31060657    
  2.40000002E-02  0.31036273    
  2.50000004E-02  0.31039414    
  2.60000005E-02  0.31069726    
  2.70000007E-02  0.31125155    
  2.80000009E-02  0.31201100    
  2.89999992E-02  0.31293926    
  2.99999993E-02  0.31397009    
  3.09999995E-02  0.31503659    
  3.20000015E-02  0.31606033    
  3.29999998E-02  0.31698567    
  3.40000018E-02  0.31773970    
  3.50000001E-02  0.31828612    
  3.59999985E-02  0.31857780    
  3.70000005E-02  0.31859818    
  3.79999988E-02  0.31834745    
  3.90000008E-02  0.31784508    
  3.99999991E-02  0.31711408    
  4.10000011E-02  0.31621155    
  4.19999994E-02  0.31519821    
  4.30000015E-02  0.31413442    
  4.39999998E-02  0.31309325    
  4.50000018E-02  0.31214717    
  4.60000001E-02  0.31135377    
  4.69999984E-02  0.31076744    
  4.80000004E-02  0.31043127    
  4.89999987E-02  0.31035271    
  5.00000007E-02  0.31055218    
  5.09999990E-02  0.31100613    
  5.20000011E-02  0.31169850    
  5.29999994E-02  0.31256884    
  5.40000014E-02  0.31356329    
  5.49999997E-02  0.31519833    
  5.60000017E-02  0.32165480    
  5.70000000E-02  0.32778722    
  5.79999983E-02  0.32792544    
  5.90000004E-02  0.32553011    
  5.99999987E-02  0.32191217    
  6.10000007E-02  0.31797266    
  6.19999990E-02  0.31412241    
  6.30000010E-02  0.31084308    
  6.40000030E-02  0.30849746    
  6.49999976E-02  0.30693868    
  6.59999996E-02  0.30620444    
  6.70000017E-02  0.30620754    
  6.80000037E-02  0.30675504    
  6.89999983E-02  0.30761561    
  7.00000003E-02  0.30856439    
  7.10000023E-02  0.30946827    
  7.19999969E-02  0.31015635    
  7.29999989E-02  0.31049597    
  7.40000010E-02  0.31045777    
  7.50000030E-02  0.31007883    
  7.59999976E-02  0.30940554    
  7.69999996E-02  0.30846512    
  7.80000016E-02  0.30752239    
  7.90000036E-02  0.30660248    
  7.99999982E-02  0.30577627    
  8.10000002E-02  0.30523768    
  8.20000023E-02  0.30505040    
  8.29999968E-02  0.30434349    
  8.39999989E-02  0.30336753    
  8.50000009E-02  0.30483639    
  8.60000029E-02  0.30707031    
  8.69999975E-02  0.30942053    
  8.79999995E-02  0.31162265    
  8.90000015E-02  0.31338656    
  9.00000036E-02  0.31449124    
  9.09999982E-02  0.31523067    
  9.20000002E-02  0.31543529    
  9.30000022E-02  0.31512666    
  9.39999968E-02  0.31441370    
  9.49999988E-02  0.31337467    
  9.60000008E-02  0.31210801    
  9.70000029E-02  0.31078705    
  9.79999974E-02  0.30950686    
  9.89999995E-02  0.30839515    
  0.10000000      0.30861413    
  0.10100000      0.30799505    
  0.10200000      0.30676025    
  0.10300000      0.30550390    
  0.10400000      0.30452365    
  0.10500000      0.30420637    
  0.10600000      0.30467337    
  0.10700000      0.30598718    
  0.10800000      0.30796832    
  0.10900000      0.31040916    
  0.11000000      0.31298226    
  0.11100000      0.31545386    
  0.11200000      0.31736076    
  0.11300000      0.31904599    
  0.11400000      0.31987804    
  0.11500000      0.32028675    
  0.11600000      0.32015476    
  0.11700000      0.31932098    
  0.11800000      0.31796372    
  0.11900000      0.31621960    
  0.12000000      0.31424367    
  0.12100000      0.31225276    
  0.12200000      0.31040278    
  0.12300000      0.30887920    
  0.12400000      0.30775777    
  0.12500000      0.30717945    
  0.12600000      0.30699727    
  0.12700000      0.30738145    
  0.12800001      0.30826396    
  0.12899999      0.30968204    
  0.13000000      0.31139457    
  0.13100000      0.31328392    
  0.13200000      0.31523341    
  0.13300000      0.31713542    
  0.13400000      0.31891215    
  0.13500001      0.32045996    
  0.13600001      0.32111582    
  0.13699999      0.32154319    
  0.13800000      0.32155567    
  0.13900000      0.32094482    
  0.14000000      0.32008135    
  0.14100000      0.31897888    
  0.14200000      0.31754956    
  0.14300001      0.31593516    
  0.14399999      0.31433141    
  0.14500000      0.31277370    
  0.14600000      0.31125289    
  0.14700000      0.30992576    
  0.14800000      0.30891082    
  0.14900000      0.30827257    
  0.15000001      0.30803108    
  0.15099999      0.30818284    
  0.15200000      0.30872935    
  0.15300000      0.30963349    
  0.15400000      0.31088316    
  0.15500000      0.31237647    
  0.15600000      0.31372678    
  0.15700001      0.31506020    
  0.15800001      0.31649733    
  0.15899999      0.31792149    
  0.16000000      0.31913072    
  0.16100000      0.31992990    
  0.16200000      0.32025573    
  0.16300000      0.32019138    
  0.16400000      0.31995445    
  0.16500001      0.31930131    
  0.16599999      0.31831396    
  0.16700000      0.31703186    
  0.16800000      0.31555381    
  0.16900000      0.31395310    
  0.17000000      0.31230578    
  0.17100000      0.31073421    
  0.17200001      0.30936590    
  0.17299999      0.30834067    
  0.17399999      0.30766466    
  0.17500000      0.30740777    
  0.17600000      0.30759153    
  0.17700000      0.30825517    
  0.17800000      0.30928627    
  0.17900001      0.31065780    
  0.18000001      0.31227675    
  0.18099999      0.31404817    
  0.18200000      0.31566459    
  0.18300000      0.31724149    
  0.18400000      0.31869420    
  0.18500000      0.32004365    
  0.18600000      0.32097432    
  0.18700001      0.32146794    
  0.18799999      0.32153425    
  0.18900000      0.32107529    
  0.19000000      0.32022032    
  0.19100000      0.31899893    
  0.19200000      0.31747171    
  0.19300000      0.31573907    
  0.19400001      0.31382188    
  0.19499999      0.31190506    
  0.19599999      0.31010264    
  0.19700000      0.30854526    
  0.19800000      0.30736944    
  0.19900000      0.30669752    
  0.20000000      0.30646250    
  0.20100001      0.30676091    
  0.20200001      0.30757535    
  0.20299999      0.30894062    
  0.20400000      0.31080586    
  0.20500000      0.31284404    
  0.20600000      0.31512740    
  0.20700000      0.31739333    
  0.20800000      0.31953254    
  0.20900001      0.32126448    
  0.20999999      0.32271996    
  0.21100000      0.32356900    
  0.21200000      0.32385659    
  0.21300000      0.32366034    
  0.21400000      0.32284576    
  0.21500000      0.32146430    
  0.21600001      0.31972697    
  0.21699999      0.31766728    
  0.21799999      0.31546444    
  0.21900000      0.31327164    
  0.22000000      0.31120214    
  0.22100000      0.30940819    
  0.22200000      0.30800402    
  0.22300000      0.30702189    
  0.22400001      0.30653733    
  0.22499999      0.30659291    
  0.22600000      0.30726701    
  0.22700000      0.30847025    
  0.22800000      0.31018147    
  0.22900000      0.31225988    
  0.23000000      0.31455857    
  0.23100001      0.31693420    
  0.23199999      0.31923315    
  0.23300000      0.32131332    
  0.23400000      0.32296395    
  0.23500000      0.32410899    
  0.23600000      0.32475412    
  0.23700000      0.32483184    
  0.23800001      0.32437244    
  0.23899999      0.32331336    
  0.23999999      0.32177407    
  0.24100000      0.31978980    
  0.24200000      0.31746083    
  0.24300000      0.31503010    
  0.24400000      0.31263104    
  0.24500000      0.31042489    
  0.24600001      0.30858380    
  0.24699999      0.30723765    
  0.24800000      0.30649483    
  0.24900000      0.30640891    
  0.25000000      0.30692819    
  0.25099999      0.30813822    
  0.25200000      0.30992138    
  0.25299999      0.31206146    
  0.25400001      0.31461474    
  0.25500000      0.31733987    
  0.25600001      0.31994250    
  0.25700000      0.32249680    
  0.25799999      0.32464543    
  0.25900000      0.32614902    
  0.25999999      0.32699817    
  0.26100001      0.32718369    
  0.26199999      0.32662058    
  0.26300001      0.32546878    
  0.26400000      0.32373509    
  0.26499999      0.32193455    
  0.26600000      0.31905845    
  0.26699999      0.31635529    
  0.26800001      0.31392485    
  0.26899999      0.31168094    
  0.27000001      0.30967760    
  0.27100000      0.30806947    
  0.27200001      0.30703616    
  0.27300000      0.30668128    
  0.27399999      0.30711451    
  0.27500001      0.30824590    
  0.27599999      0.31002930    
  0.27700001      0.31233084    
  0.27800000      0.31490412    
  0.27900001      0.31756359    
  0.28000000      0.32016763    
  0.28099999      0.32255659    
  0.28200001      0.32459924    
  0.28299999      0.32614827    
  0.28400001      0.32717735    
  0.28500000      0.32759801    
  0.28600001      0.32742265    
  0.28700000      0.32661819    
  0.28799999      0.32525083    
  0.28900000      0.32334507    
  0.28999999      0.32104850    
  0.29100001      0.31852597    
  0.29200000      0.31586635    
  0.29300001      0.31327152    
  0.29400000      0.31091055    
  0.29499999      0.30893964    
  0.29600000      0.30748537    
  0.29699999      0.30667421    
  0.29800001      0.30656320    
  0.29899999      0.30718395    
  0.30000001      0.30853200    
  0.30100000      0.31058851    
  0.30199999      0.31307745    
  0.30300000      0.31589469    
  0.30399999      0.31897497    
  0.30500001      0.32185245    
  0.30599999      0.32451335    
  0.30700001      0.32676727    
  0.30800000      0.32842848    
  0.30899999      0.32938582    
  0.31000000      0.32956675    
  0.31099999      0.32904103    
  0.31200001      0.32772785    
  0.31299999      0.32584020    
  0.31400001      0.32341924    
  0.31500000      0.32070288    
  0.31600001      0.31779608    
  0.31700000      0.31494191    
  0.31799999      0.31232196    
  0.31900001      0.31009555    
  0.31999999      0.30839676    
  0.32100001      0.30735207    
  0.32200000      0.30700651    
  0.32300001      0.30738974    
  0.32400000      0.30848393    
  0.32499999      0.31022015    
  0.32600001      0.31258953    
  0.32699999      0.31541535    
  0.32800001      0.31830475    
  0.32900000      0.32138258    
  0.33000001      0.32413480    
  0.33100000      0.32656395    
  0.33199999      0.32834399    
  0.33300000      0.32953170    
  0.33399999      0.32999763    
  0.33500001      0.32969686    
  0.33600000      0.32870111    
  0.33700001      0.32702067    
  0.33800000      0.32481438    
  0.33899999      0.32218635    
  0.34000000      0.31935352    
  0.34099999      0.31645468    
  0.34200001      0.31375164    
  0.34299999      0.31136283    
  0.34400001      0.30947313    
  0.34500000      0.30819711    
  0.34599999      0.30764470    
  0.34700000      0.30782974    
  0.34799999      0.30866605    
  0.34900001      0.31022382    
  0.34999999      0.31233349    
  0.35100001      0.31483957    
  0.35200000      0.31876528    
  0.35299999      0.31947285    
  0.35400000      0.32206044    
  0.35499999      0.32580569    
  0.35600001      0.32906023    
  0.35699999      0.33103824    
  0.35800001      0.33153012    
  0.35900000      0.33091781    
  0.36000001      0.32968473    
  0.36100000      0.32798743    
  0.36199999      0.32598311    
  0.36300001      0.32385048    
  0.36399999      0.32146728    
  0.36500001      0.31880674    
  0.36600000      0.31604424    
  0.36700001      0.31328085    
  0.36800000      0.31078267    
  0.36899999      0.30878839    
  0.37000000      0.30752662    
  0.37099999      0.30715421    
  0.37200001      0.30776438    
  0.37300000      0.30926883    
  0.37400001      0.31157538    
  0.37500000      0.31451350    
  0.37599999      0.31772095    
  0.37700000      0.32102311    
  0.37799999      0.32425478    
  0.37900001      0.32699791    
  0.38000000      0.32925004    
  0.38100001      0.33090198    
  0.38200000      0.33177227    
  0.38299999      0.33189285    
  0.38400000      0.33131793    
  0.38499999      0.33012152    
  0.38600001      0.32835552    
  0.38699999      0.32611346    
  0.38800001      0.32351762    
  0.38900000      0.32069007    
  0.38999999      0.31776229    
  0.39100000      0.31491068    
  0.39199999      0.31229979    
  0.39300001      0.31010723    
  0.39399999      0.30845672    
  0.39500001      0.30748358    
  0.39600000      0.30732140    
  0.39700001      0.30792373    
  0.39800000      0.30936557    
  0.39899999      0.31160074    
  0.40000001      0.31433097    
  0.40099999      0.31758067    
  0.40200001      0.32117751    
  0.40300000      0.32457724    
  0.40400001      0.32798648    
  0.40500000      0.33088660    
  0.40599999      0.33299616    
  0.40700001      0.33428931    
  0.40799999      0.33469126    
  0.40900001      0.33407396    
  0.41000000      0.33254030    
  0.41100001      0.33023795    
  0.41200000      0.32734594    
  0.41299999      0.32393080    
  0.41400000      0.32052326    
  0.41499999      0.31710717    
  0.41600001      0.31406000    
  0.41700000      0.31150541    
  0.41800001      0.30964270    
  0.41900000      0.30857474    
  0.41999999      0.30835238    
  0.42100000      0.30896169    
  0.42199999      0.31035349    
  0.42300001      0.31242865    
  0.42399999      0.31498963    
  0.42500001      0.31796822    
  0.42600000      0.32095921    
  0.42699999      0.32406896    
  0.42800000      0.32668358    
  0.42899999      0.32913417    
  0.43000001      0.33077553    
  0.43099999      0.33203200    
  0.43200001      0.33235472    
  0.43300000      0.33210641    
  0.43399999      0.33103919    
  0.43500000      0.32921281    
  0.43599999      0.32693791    
  0.43700001      0.32429492    
  0.43799999      0.32139820    
  0.43900001      0.31847444    
  0.44000000      0.31558898    
  0.44100001      0.31301242    
  0.44200000      0.31083342    
  0.44299999      0.30921447    
  0.44400001      0.30824134    
  0.44499999      0.30804771    
  0.44600001      0.30851030    
  0.44700000      0.30980054    
  0.44800001      0.31169885    
  0.44900000      0.31423959    
  0.44999999      0.31410736    
  0.45100001      0.31947795    
  0.45199999      0.32535031    
  0.45300001      0.32859322    
  0.45400000      0.32932529    
  0.45500001      0.32869846    
  0.45600000      0.32855079    
  0.45699999      0.32923388    
  0.45800000      0.33033496    
  0.45899999      0.33133659    
  0.46000001      0.33125612    
  0.46100000      0.32973382    
  0.46200001      0.32707474    
  0.46300000      0.32342073    
  0.46399999      0.31947231    
  0.46500000      0.31575608    
  0.46599999      0.31272796    
  0.46700001      0.31054777    
  0.46799999      0.30924079    
  0.46900001      0.30867749    
  0.47000000      0.30871043    
  0.47099999      0.30924132    
  0.47200000      0.31017748    
  0.47299999      0.31174463    
  0.47400001      0.31356755    
  0.47499999      0.31602904    
  0.47600001      0.31885749    
  0.47700000      0.32243803    
  0.47799999      0.32603928    
  0.47900000      0.32943746    
  0.47999999      0.33247265    
  0.48100001      0.33485755    
  0.48199999      0.33615008    
  0.48300001      0.33648467    
  0.48400000      0.33551860    
  0.48500001      0.33328316    
  0.48600000      0.33014220    
  0.48699999      0.32631105    
  0.48800001      0.32230857    
  0.48899999      0.31836823    
  0.49000001      0.31487370    
  0.49100000      0.31208917    
  0.49200001      0.31020036    
  0.49300000      0.30922374    
  0.49399999      0.30925763    
  0.49500000      0.31011766    
  0.49599999      0.31166983    
  0.49700001      0.31373480    
  0.49800000      0.31625679    
  0.49900001      0.31878984    
  0.50000000      0.32147187    
  0.50099999      0.32409027    
  0.50199997      0.32608569    
  0.50300002      0.32797664    
  0.50400001      0.32953075    
  0.50500000      0.33068264    
  0.50599998      0.33114257    
  0.50700003      0.33122161    
  0.50800002      0.33078876    
  0.50900000      0.32948428    
  0.50999999      0.32767570    
  0.51099998      0.32559317    
  0.51200002      0.32279962    
  0.51300001      0.32002667    
  0.51400000      0.31704280    
  0.51499999      0.31422162    
  0.51599997      0.31172773    
  0.51700002      0.30978867    
  0.51800001      0.30858493    
  0.51899999      0.30821115    
  0.51999998      0.30880985    
  0.52100003      0.31016573    
  0.52200001      0.31250867    
  0.52300000      0.31559199    
  0.52399999      0.31905320    
  0.52499998      0.32307440    
  0.52600002      0.32666200    
  0.52700001      0.33010817    
  0.52800000      0.33318001    
  0.52899998      0.33523962    
  0.52999997      0.33660370    
  0.53100002      0.33669910    
  0.53200001      0.33595347    
  0.53299999      0.33440530    
  0.53399998      0.33185515    
  0.53500003      0.32883975    
  0.53600001      0.32527077    
  0.53700000      0.32179970    
  0.53799999      0.31836972    
  0.53899997      0.31520262    
  0.54000002      0.31272984    
  0.54100001      0.31091306    
  0.54200000      0.30988860    
  0.54299998      0.30968750    
  0.54400003      0.31030124    
  0.54500002      0.31158292    
  0.54600000      0.31342027    
  0.54699999      0.31571689    
  0.54799998      0.31832883    
  0.54900002      0.32086635    
  0.55000001      0.32357985    
  0.55100000      0.32602438    
  0.55199999      0.32783350    
  0.55299997      0.32959372    
  0.55400002      0.33035654    
  0.55500001      0.33104318    
  0.55599999      0.33062416    
  0.55699998      0.32996535    
  0.55800003      0.32862997    
  0.55900002      0.32690534    
  0.56000000      0.32474107    
  0.56099999      0.32242131    
  0.56199998      0.31979877    
  0.56300002      0.31728595    
  0.56400001      0.31474808    
  0.56500000      0.31256765    
  0.56599998      0.31068227    
  0.56699997      0.30933872    
  0.56800002      0.30849096    
  0.56900001      0.30842924    
  0.56999999      0.30885768    
  0.57099998      0.31010902    
  0.57200003      0.31198257    
  0.57300001      0.31417316    
  0.57400000      0.31695467    
  0.57499999      0.32005256    
  0.57599998      0.32306734    
  0.57700002      0.32595983    
  0.57800001      0.32888129    
  0.57900000      0.33094120    
  0.57999998      0.33279127    
  0.58099997      0.33351788    
  0.58200002      0.33323148    
  0.58300000      0.33271253    
  0.58399999      0.33096388    
  0.58499998      0.32865745    
  0.58600003      0.32587853    
  0.58700001      0.32248273    
  0.58800000      0.31904256    
  0.58899999      0.31573826    
  0.58999997      0.31275350    
  0.59100002      0.31032866    
  0.59200001      0.30863240    
  0.59299999      0.30778131    
  0.59399998      0.30787042    
  0.59500003      0.30910200    
  0.59600002      0.31099111    
  0.59700000      0.31397709    
  0.59799999      0.31746069    
  0.59899998      0.32106242    
  0.60000002      0.32503027    
  0.60100001      0.32898003    
  0.60200000      0.33217806    
  0.60299999      0.33484086    
  0.60399997      0.33719814    
  0.60500002      0.33819103    
  0.60600001      0.33817643    
  0.60699999      0.33710843    
  0.60799998      0.33520290    
  0.60900003      0.33254182    
  0.61000001      0.32905847    
  0.61100000      0.32549462    
  0.61199999      0.32173011    
  0.61299998      0.31789166    
  0.61400002      0.31459528    
  0.61500001      0.31190062    
  0.61600000      0.30997196    
  0.61699998      0.30900258    
  0.61799997      0.30898178    
  0.61900002      0.30987415    
  0.62000000      0.31180555    
  0.62099999      0.31434324    
  0.62199998      0.31750986    
  0.62300003      0.32102403    
  0.62400001      0.32462439    
  0.62500000      0.32836378    
  0.62599999      0.33179691    
  0.62699997      0.33408925    
  0.62800002      0.33608228    
  0.62900001      0.33721259    
  0.63000000      0.33750266    
  0.63099998      0.33627996    
  0.63200003      0.33477622    
  0.63300002      0.33269808    
  0.63400000      0.32956421    
  0.63499999      0.32617733    
  0.63599998      0.32275790    
  0.63700002      0.31934065    
  0.63800001      0.31607059    
  0.63900000      0.31334424    
  0.63999999      0.31121385    
  0.64099997      0.30985582    
  0.64200002      0.30932546    
  0.64300001      0.30963901    
  0.64399999      0.31082213    
  0.64499998      0.31279409    
  0.64600003      0.31501210    
  0.64700001      0.31805083    
  0.64800000      0.32159206    
  0.64899999      0.32496297    
  0.64999998      0.32758167    
  0.65100002      0.33044317    
  0.65200001      0.33274025    
  0.65300000      0.33441532    
  0.65399998      0.33490011    
  0.65499997      0.33503181    
  0.65600002      0.33434319    
  0.65700001      0.33291513    
  0.65799999      0.33071053    
  0.65899998      0.32802498    
  0.66000003      0.32495117    
  0.66100001      0.32169151    
  0.66200000      0.31856951    
  0.66299999      0.31560826    
  0.66399997      0.31297740    
  0.66500002      0.31091106    
  0.66600001      0.30959329    
  0.66700000      0.30893698    
  0.66799998      0.30915430    
  0.66900003      0.31017363    
  0.67000002      0.31195572    
  0.67100000      0.31415707    
  0.67199999      0.31691244    
  0.67299998      0.32010618    
  0.67400002      0.32363486    
  0.67500001      0.32684910    
  0.67600000      0.32967845    
  0.67699999      0.33211410    
  0.67799997      0.33390385    
  0.67900002      0.33492240    
  0.68000001      0.33515260    
  0.68099999      0.33491418    
  0.68199998      0.33348083    
  0.68300003      0.33128348    
  0.68400002      0.32845855    
  0.68500000      0.32562992    
  0.68599999      0.32225910    
  0.68699998      0.31885386    
  0.68800002      0.31563303    
  0.68900001      0.31283763    
  0.69000000      0.31065381    
  0.69099998      0.30914533    
  0.69199997      0.30852631    
  0.69300002      0.30881748    
  0.69400001      0.30994081    
  0.69499999      0.31184348    
  0.69599998      0.31447393    
  0.69700003      0.31765464    
  0.69800001      0.32111800    
  0.69900000      0.32468021    
  0.69999999      0.32834876    
  0.70099998      0.33174720    
  0.70200002      0.33426070    
  0.70300001      0.33604842    
  0.70400000      0.33709431    
  0.70499998      0.33754262    
  0.70599997      0.33690947    
  0.70700002      0.33520731    
  0.70800000      0.33269528    
  0.70899999      0.32958904    
  0.70999998      0.32609549    
  0.71100003      0.32254753    
  0.71200001      0.31876576    
  0.71300000      0.31534278    
  0.71399999      0.31249055    
  0.71499997      0.31032720    
  0.71600002      0.30902717    
  0.71700001      0.30866167    
  0.71799999      0.30925113    
  0.71899998      0.31075221    
  0.72000003      0.31307617    
  0.72100002      0.31612274    
  0.72200000      0.32007840    
  0.72299999      0.32381818    
  0.72399998      0.32766104    
  0.72500002      0.33120665    
  0.72600001      0.33428422    
  0.72700000      0.33728647    
  0.72799999      0.33891407    
  0.72899997      0.33955780    
  0.73000002      0.33923227    
  0.73100001      0.33797055    
  0.73199999      0.33579320    
  0.73299998      0.33290198    
  0.73400003      0.32929504    
  0.73500001      0.32544661    
  0.73600000      0.32158062    
  0.73699999      0.31788924    
  0.73799998      0.31460270    
  0.73900002      0.31190214    
  0.74000001      0.31010106    
  0.74100000      0.30923152    
  0.74199998      0.30933884    
  0.74299997      0.31041884    
  0.74400002      0.31240046    
  0.74500000      0.31551042    
  0.74599999      0.31892204    
  0.74699998      0.32267800    
  0.74800003      0.32659319    
  0.74900001      0.33036739    
  0.75000000      0.33378360    
  0.75099999      0.33669513    
  0.75199997      0.33886746    
  0.75300002      0.33997783    
  0.75400001      0.34010297    
  0.75500000      0.33922186    
  0.75599998      0.33745480    
  0.75700003      0.33452672    
  0.75800002      0.33114374    
  0.75900000      0.32753944    
  0.75999999      0.32374725    
  0.76099998      0.32000867    
  0.76200002      0.31654340    
  0.76300001      0.31361541    
  0.76400000      0.31133443    
  0.76499999      0.31003892    
  0.76599997      0.30966493    
  0.76700002      0.31024647    
  0.76800001      0.31176820    
  0.76899999      0.31404355    
  0.76999998      0.31698480    
  0.77100003      0.32061392    
  0.77200001      0.32430571    
  0.77300000      0.32801023    
  0.77399999      0.33149040    
  0.77499998      0.33451071    
  0.77600002      0.33691534    
  0.77700001      0.33838651    
  0.77800000      0.33880541    
  0.77899998      0.33847901    
  0.77999997      0.33731028    
  0.78100002      0.33525106    
  0.78200001      0.33243817    
  0.78299999      0.32921392    
  0.78399998      0.32551992    
  0.78500003      0.32175356    
  0.78600001      0.31832418    
  0.78700000      0.31528127    
  0.78799999      0.31277889    
  0.78899997      0.31098858    
  0.79000002      0.31003237    
  0.79100001      0.30996743    
  0.79200000      0.31083456    
  0.79299998      0.31248975    
  0.79400003      0.31488493    
  0.79500002      0.31770295    
  0.79600000      0.32100445    
  0.79699999      0.32453322    
  0.79799998      0.32802349    
  0.79900002      0.33090553    
  0.80000001      0.33343044    
  0.80100000      0.33548924    
  0.80199999      0.33676037    
  0.80299997      0.33709237    
  0.80400002      0.33662963    
  0.80500001      0.33534122    
  0.80599999      0.33321866    
  0.80699998      0.33007753    
  0.80800003      0.32700923    
  0.80900002      0.32367623    
  0.81000000      0.32036415    
  0.81099999      0.31722915    
  0.81199998      0.31447554    
  0.81300002      0.31227154    
  0.81400001      0.31077296    
  0.81500000      0.31006959    
  0.81599998      0.31016758    
  0.81699997      0.31109056    
  0.81800002      0.31277195    
  0.81900001      0.31509984    
  0.81999999      0.31790784    
  0.82099998      0.32105753    
  0.82200003      0.32381248    
  0.82300001      0.32678109    
  0.82400000      0.32953519    
  0.82499999      0.33193728    
  0.82599998      0.33375749    
  0.82700002      0.33481258    
  0.82800001      0.33514547    
  0.82900000      0.33464256    
  0.82999998      0.33319858    
  0.83099997      0.33099845    
  0.83200002      0.32857892    
  0.83300000      0.32574809    
  0.83399999      0.32270330    
  0.83499998      0.31961975    
  0.83600003      0.31670055    
  0.83700001      0.31413382    
  0.83800000      0.31144652    
  0.83899999      0.31448576    
  0.83999997      0.31079656    
  0.84019995      0.31145084    
  0.84039998      0.31207827    
  0.84059995      0.31245676    
  0.84079999      0.31249794    
  0.84099996      0.31172585    
  0.84119999      0.31119290    
  0.84139997      0.30946150    
  0.84160000      0.30797380    
  0.84179997      0.30656987    
  0.84199995      0.30505988    
  0.84219998      0.30332059    
  0.84239995      0.30230027    
  0.84259999      0.30153179    
  0.84279996      0.30127597    
  0.84299999      0.30146629    
  0.84319997      0.30274916    
  0.84340000      0.30414149    
  0.84359998      0.30607060    
  0.84379995      0.30957666    
  0.84399998      0.31250587    
  0.84419996      0.31573284    
  0.84439999      0.31912446    
  0.84459996      0.32272547    
  0.84480000      0.32603729    
  0.84499997      0.32892287    
  0.84520000      0.33129624    
  0.84539998      0.33311120    
  0.84559995      0.33444646    
  0.84579998      0.33501893    
  0.84599996      0.33476016    
  0.84619999      0.33450940    
  0.84639996      0.33348551    
  0.84660000      0.33106327    
  0.84679997      0.32785985    
  0.84700000      0.32411721    
  0.84719998      0.32212994    
  0.84739995      0.31885076    
  0.84759998      0.31459388    
  0.84779996      0.31031278    
  0.84799999      0.30878645    
  0.84819996      0.30494982    
  0.84840000      0.30163655    
  0.84859997      0.30047312    
  0.84879994      0.29821196    
  0.84899998      0.29683319    
  0.84919995      0.29646316    
  0.84939998      0.29669213    
  0.84959996      0.29787549    
  0.84979999      0.30012116    
  0.84999996      0.30157161    
  0.85020000      0.30536133    
  0.85039997      0.30696416    
  0.85060000      0.31052932    
  0.85079998      0.31554785    
  0.85099995      0.31881294    
  0.85119998      0.32514152    
  0.85139996      0.33172062    
  0.85159999      0.33475786    
  0.85179996      0.34126529    
  0.85200000      0.34187421    
  0.85219997      0.34799603    
  0.85239995      0.35062471    
  0.85259998      0.35576367    
  0.85279995      0.35991699    
  0.85299999      0.36032262    
  0.85319996      0.36387888    
  0.85339999      0.36435825    
  0.85359997      0.36550197    
  0.85380000      0.36541578    
  0.85399997      0.36493543    
  0.85419995      0.36443236    
  0.85439998      0.36289164    
  0.85459995      0.35957178    
  0.85479999      0.35784319    
  0.85499996      0.35349816    
  0.85519999      0.35283363    
  0.85539997      0.34970301    
  0.85560000      0.34471431    
  0.85579997      0.33842707    
  0.85599995      0.33812007    
  0.85619998      0.33315200    
  0.85639995      0.32917848    
  0.85659999      0.32317576    
  0.85679996      0.32290995    
  0.85699999      0.31879765    
  0.85719997      0.31530648    
  0.85740000      0.31087059    
  0.85759997      0.31070167    
  0.85779995      0.30902040    
  0.85799998      0.30607679    
  0.85819995      0.30439150    
  0.85839999      0.30397552    
  0.85859996      0.30348659    
  0.85879999      0.30298498    
  0.85899997      0.30303901    
  0.85920000      0.30349723    
  0.85939997      0.30399510    
  0.85959995      0.30577534    
  0.85979998      0.30575624    
  0.85999995      0.30826622    
  0.86019999      0.30937299    
  0.86039996      0.31107029    
  0.86059999      0.31247535    
  0.86079997      0.31582648    
  0.86100000      0.31719518    
  0.86119998      0.31690776    
  0.86139995      0.32036015    
  0.86159998      0.32139435    
  0.86179996      0.32195282    
  0.86199999      0.32395414    
  0.86219996      0.32508436    
  0.86240000      0.32708183    
  0.86259997      0.32627675    
  0.86280000      0.32810187    
  0.86299998      0.32715717    
  0.86319995      0.32706547    
  0.86339998      0.32791206    
  0.86359996      0.32681292    
  0.86379999      0.32698604    
  0.86399996      0.32617727    
  0.86420000      0.32508308    
  0.86439997      0.32440984    
  0.86460000      0.32328022    
  0.86479998      0.32209373    
  0.86499995      0.32093894    
  0.86519998      0.31955558    
  0.86539996      0.31831247    
  0.86559999      0.31705654    
  0.86579996      0.31555563    
  0.86600000      0.31456017    
  0.86619997      0.31326464    
  0.86640000      0.31229413    
  0.86659998      0.31153595    
  0.86679995      0.31073901    
  0.86699998      0.31020176    
  0.86719996      0.30973148    
  0.86739999      0.30966467    
  0.86759996      0.30942145    
  0.86780000      0.30946690    
  0.86799997      0.31019571    
  0.86819994      0.31027880    
  0.86839998      0.31151453    
  0.86859995      0.31225461    
  0.86879998      0.31264889    
  0.86899996      0.31443301    
  0.86919999      0.31500414    
  0.86939996      0.31617469    
  0.86960000      0.31822693    
  0.86979997      0.31901273    
  0.86999995      0.32037765    
  0.87019998      0.32226491    
  0.87039995      0.32327965    
  0.87059999      0.32441509    
  0.87079996      0.32597959    
  0.87099999      0.32711175    
  0.87119997      0.32818040    
  0.87140000      0.32909444    
  0.87159997      0.33016658    
  0.87179995      0.33095855    
  0.87199998      0.33080083    
  0.87219995      0.33181560    
  0.87239999      0.33078122    
  0.87259996      0.33075756    
  0.87279999      0.33165705    
  0.87299997      0.32948023    
  0.87320000      0.32885054    
  0.87339997      0.32960027    
  0.87359995      0.32884741    
  0.87379998      0.32655087    
  0.87399995      0.32566786    
  0.87419999      0.32604077    
  0.87439996      0.32165357    
  0.87459999      0.32211909    
  0.87479997      0.32070652    
  0.87500000      0.31593704    
  0.87519997      0.31626511    
  0.87539995      0.31405205    
  0.87559998      0.31055900    
  0.87579995      0.31020284    
  0.87599999      0.31042954    
  0.87619996      0.30601040    
  0.87639999      0.30468181    
  0.87659997      0.30485779    
  0.87680000      0.30134881    
  0.87699997      0.30151236    
  0.87719995      0.30058429    
  0.87739998      0.30000839    
  0.87759995      0.29858020    
  0.87779999      0.29877251    
  0.87799996      0.29840130    
  0.87819999      0.29785037    
  0.87839997      0.29809543    
  0.87860000      0.29836729    
  0.87879997      0.29932997    
  0.87899995      0.29987499    
  0.87919998      0.30017883    
  0.87939996      0.30111790    
  0.87959999      0.30407819    
  0.87979996      0.30443299    
  0.88000000      0.30685249    
  0.88019997      0.30972657    
  0.88040000      0.31079143    
  0.88059998      0.31115341    
  0.88079995      0.31648490    
  0.88099998      0.31872138    
  0.88119996      0.31905293    
  0.88139999      0.32125083    
  0.88159996      0.32542852    
  0.88180000      0.32775310    
  0.88199997      0.32798061    
  0.88220000      0.33421907    
  0.88239998      0.33435395    
  0.88259995      0.33651546    
  0.88279998      0.33657086    
  0.88299996      0.34237996    
  0.88319999      0.34242800    
  0.88339996      0.34408879    
  0.88360000      0.34802970    
  0.88379997      0.34881619    
  0.88399994      0.34849599    
  0.88419998      0.34965727    
  0.88439995      0.35304099    
  0.88459998      0.35249469    
  0.88479996      0.35299334    
  0.88499999      0.35233361    
  0.88519996      0.35401937    
  0.88540000      0.35321328    
  0.88559997      0.35294616    
  0.88580000      0.35250968    
  0.88599998      0.35205749    
  0.88619995      0.35107741    
  0.88639998      0.35007229    
  0.88659996      0.34859523    
  0.88679999      0.34749228    
  0.88699996      0.34631985    
  0.88720000      0.34480879    
  0.88739997      0.34208900    
  0.88759995      0.34087619    
  0.88779998      0.33965039    
  0.88799995      0.33781824    
  0.88819999      0.33440241    
  0.88839996      0.33322623    
  0.88859999      0.33205935    
  0.88879997      0.33015323    
  0.88900000      0.32658547    
  0.88919997      0.32555351    
  0.88940001      0.32434699    
  0.88959998      0.32243079    
  0.88979995      0.31959319    
  0.88999999      0.31878781    
  0.89019996      0.31735820    
  0.89039999      0.31587091    
  0.89059997      0.31419677    
  0.89080000      0.31369108    
  0.89099997      0.31275290    
  0.89119995      0.31164488    
  0.89139998      0.31087691    
  0.89159995      0.31069875    
  0.89179999      0.31030461    
  0.89199996      0.30986291    
  0.89219999      0.30975404    
  0.89239997      0.30989623    
  0.89260000      0.31001469    
  0.89279997      0.31022874    
  0.89300001      0.31057894    
  0.89319998      0.31097880    
  0.89339995      0.31149176    
  0.89359999      0.31207186    
  0.89379996      0.31275177    
  0.89399999      0.31337467    
  0.89419997      0.31409073    
  0.89440000      0.31481275    
  0.89459997      0.31560344    
  0.89479995      0.31636474    
  0.89499998      0.31709990    
  0.89519995      0.31788626    
  0.89539999      0.31833500    
  0.89559996      0.31913853    
  0.89579999      0.31970474    
  0.89599997      0.32052624    
  0.89620000      0.32018477    
  0.89639997      0.32043973    
  0.89660001      0.32119623    
  0.89679998      0.32196289    
  0.89699996      0.32061255    
  0.89719999      0.32046744    
  0.89739996      0.32110819    
  0.89760000      0.32176277    
  0.89779997      0.31933716    
  0.89800000      0.31876940    
  0.89819998      0.31926569    
  0.89839995      0.31977287    
  0.89859998      0.31674194    
  0.89879996      0.31614137    
  0.89899999      0.31582308    
  0.89919996      0.31617737    
  0.89940000      0.31572849    
  0.89959997      0.31502527    
  0.89980000      0.31122968    
  0.89999998      0.31146362    
  0.90019995      0.31169918    
  0.90039998      0.31043792    
  0.90059996      0.30616474    
  0.90079999      0.30631328    
  0.90099996      0.30646354    
  0.90120000      0.30524078    
  0.90139997      0.30144599    
  0.90160000      0.30156630    
  0.90179998      0.30058613    
  0.90199995      0.30071262    
  0.90219998      0.30026257    
  0.90239996      0.29806381    
  0.90259999      0.29749325    
  0.90279996      0.29766023    
  0.90300000      0.29783535    
  0.90319997      0.29652524    
  0.90339994      0.29651251    
  0.90359998      0.29677734    
  0.90380001      0.29703665    
  0.90399998      0.29741660    
  0.90419996      0.29786280    
  0.90439999      0.29843092    
  0.90459996      0.29878223    
  0.90480000      0.29913309    
  0.90499997      0.29997978    
  0.90520000      0.30268750    
  0.90539998      0.30310678    
  0.90559995      0.30352730    
  0.90579998      0.30495414    
  0.90599996      0.30840892    
  0.90619999      0.30973148    
  0.90639997      0.31017867    
  0.90660000      0.31206495    
  0.90679997      0.31249508    
  0.90699995      0.31803504    
  0.90719998      0.31845951    
  0.90739995      0.32060650    
  0.90759999      0.32099196    
  0.90779996      0.32475799    
  0.90799999      0.32568705    
  0.90819997      0.32967344    
  0.90840000      0.32993749    
  0.90859997      0.33016726    
  0.90880001      0.33222321    
  0.90899998      0.33826086    
  0.90919995      0.33833033    
  0.90939999      0.33836168    
  0.90959996      0.34011087    
  0.90979999      0.34004650    
  0.90999997      0.34520251    
  0.91020000      0.34498101    
  0.91039997      0.34622404    
  0.91059995      0.34589347    
  0.91079998      0.34879845    
  0.91099995      0.34926835    
  0.91119999      0.34986877    
  0.91139996      0.34925574    
  0.91159999      0.34859410    
  0.91179997      0.35076097    
  0.91200000      0.35066137    
  0.91219997      0.34977818    
  0.91240001      0.34885505    
  0.91259998      0.34789899    
  0.91279995      0.34745467    
  0.91299999      0.34749818    
  0.91319996      0.34651843    
  0.91339999      0.34536615    
  0.91359997      0.34435841    
  0.91380000      0.34332758    
  0.91399997      0.34194803    
  0.91419995      0.34049189    
  0.91439998      0.33917993    
  0.91459996      0.33785456    
  0.91479999      0.33585924    
  0.91499996      0.33457169    
  0.91520000      0.33247879    
  0.91539997      0.33117130    
  0.91560000      0.32986677    
  0.91579998      0.32820028    
  0.91600001      0.32571426    
  0.91619998      0.32427740    
  0.91639996      0.32311097    
  0.91659999      0.32156962    
  0.91679996      0.32047683    
  0.91700000      0.31811088    
  0.91719997      0.31718934    
  0.91740000      0.31596813    
  0.91759998      0.31515244    
  0.91779995      0.31436625    
  0.91799998      0.31286436    
  0.91819996      0.31212154    
  0.91839999      0.31163529    
  0.91859996      0.31118998    
  0.91880000      0.31078586    
  0.91899997      0.31042862    
  0.91920000      0.31030548    
  0.91939998      0.31022879    
  0.91960001      0.31032449    
  0.91979998      0.31038412    
  0.91999996      0.31048441    
  0.92019999      0.31146130    
  0.92039996      0.31204343    
  0.92060000      0.31244430    
  0.92079997      0.31288970    
  0.92100000      0.31337833    
  0.92119998      0.31428149    
  0.92139995      0.31613642    
  0.92159998      0.31686574    
  0.92179996      0.31761211    
  0.92199999      0.31879011    
  0.92219996      0.31961098    
  0.92240000      0.32153460    
  0.92259997      0.32251006    
  0.92280000      0.32374173    
  0.92299998      0.32471988    
  0.92320001      0.32573032    
  0.92339998      0.32713351    
  0.92359996      0.32812235    
  0.92379999      0.32935128    
  0.92399997      0.33037820    
  0.92420000      0.33142272    
  0.92439997      0.33244669    
  0.92460001      0.33348420    
  0.92479998      0.33365351    
  0.92499995      0.33424562    
  0.92519999      0.33525005    
  0.92539996      0.33624622    
  0.92559999      0.33724037    
  0.92579997      0.33764145    
  0.92600000      0.33591250    
  0.92619997      0.33676666    
  0.92639995      0.33761445    
  0.92659998      0.33745855    
  0.92680001      0.33825427    
  0.92699999      0.33492854    
  0.92719996      0.33558100    
  0.92739999      0.33489880    
  0.92759997      0.33549553    
  0.92780000      0.33607233    
  0.92799997      0.33223954    
  0.92820001      0.33360916    
  0.92839998      0.33070156    
  0.92859995      0.33109319    
  0.92879999      0.33146492    
  0.92899996      0.33016995    
  0.92919999      0.33048421    
  0.92939997      0.32475719    
  0.92960000      0.32497692    
  0.92979997      0.32348955    
  0.92999995      0.32366502    
  0.93019998      0.32381853    
  0.93039995      0.31804404    
  0.93059999      0.31658947    
  0.93079996      0.31668043    
  0.93099999      0.31674719    
  0.93119997      0.31531012    
  0.93140000      0.31536105    
  0.93159997      0.31438750    
  0.93180001      0.31051192    
  0.93199998      0.30936855    
  0.93219995      0.30942187    
  0.93239999      0.30945528    
  0.93259996      0.30948478    
  0.93279999      0.30845347    
  0.93299997      0.30530271    
  0.93320000      0.30538055    
  0.93339998      0.30545151    
  0.93359995      0.30490789    
  0.93379998      0.30498898    
  0.93399996      0.30461839    
  0.93419999      0.30373639    
  0.93439996      0.30373034    
  0.93460000      0.30386418    
  0.93479997      0.30419540    
  0.93499994      0.30458608    
  0.93519998      0.30450767    
  0.93540001      0.30563179    
  0.93559998      0.30582848    
  0.93579996      0.30597287    
  0.93599999      0.30658129    
  0.93619996      0.30671501    
  0.93640000      0.30684102    
  0.93659997      0.30752286    
  0.93680000      0.31012961    
  0.93699998      0.31024474    
  0.93719995      0.31033304    
  0.93739998      0.31128827    
  0.93759996      0.31135258    
  0.93779999      0.31384659    
  0.93799996      0.31483033    
  0.93820000      0.31587157    
  0.93839997      0.31582755    
  0.93859994      0.31576961    
  0.93879998      0.31569633    
  0.93900001      0.31661725    
  0.93919998      0.32023549    
  0.93939996      0.31999835    
  0.93959999      0.31974739    
  0.93979996      0.32049689    
  0.94000000      0.32018301    
  0.94019997      0.31985459    
  0.94040000      0.32286897    
  0.94059998      0.32329959    
  0.94079995      0.32276779    
  0.94099998      0.32221916    
  0.94119996      0.32168806    
  0.94139999      0.32183993    
  0.94159997      0.32145023    
  0.94180000      0.32302701    
  0.94199997      0.32226864    
  0.94219995      0.32200956    
  0.94239998      0.32119203    
  0.94260001      0.32035086    
  0.94279999      0.31992531    
  0.94299996      0.31950787    
  0.94319999      0.31937191    
  0.94339997      0.31835303    
  0.94360000      0.31759188    
  0.94379997      0.31655291    
  0.94400001      0.31552422    
  0.94419998      0.31501058    
  0.94439995      0.31381065    
  0.94459999      0.31290719    
  0.94479996      0.31182572    
  0.94499999      0.31075701    
  0.94519997      0.30973896    
  0.94540000      0.30870181    
  0.94559997      0.30771321    
  0.94579995      0.30669332    
  0.94599998      0.30572051    
  0.94620001      0.30475953    
  0.94639999      0.30383193    
  0.94659996      0.30293748    
  0.94679999      0.30212089    
  0.94699997      0.30159098    
  0.94720000      0.30085945    
  0.94739997      0.30016354    
  0.94760001      0.29968664    
  0.94779998      0.29909801    
  0.94799995      0.29855537    
  0.94819999      0.29831234    
  0.94839996      0.29889843    
  0.94859999      0.29885027    
  0.94879997      0.29861113    
  0.94900000      0.29890651    
  0.94919997      0.29879251    
  0.94939995      0.29872170    
  0.94959998      0.30112812    
  0.94980001      0.30057436    
  0.94999999      0.30224305    
  0.95019996      0.30251458    
  0.95039999      0.30282551    
  0.95059997      0.30408996    
  0.95079994      0.30452180    
  0.95099998      0.30742726    
  0.95120001      0.30945927    
  0.95139998      0.31125137    
  0.95159996      0.31197989    
  0.95179999      0.31273502    
  0.95199996      0.31351915    
  0.95220000      0.31559381    
  0.95239997      0.31667459    
  0.95260000      0.32227567    
  0.95279998      0.32327452    
  0.95299995      0.32563105    
  0.95319998      0.32668060    
  0.95340002      0.32773829    
  0.95359999      0.32882819    
  0.95379996      0.33127046    
  0.95400000      0.33739787    
  0.95419997      0.33852950    
  0.95439994      0.34092268    
  0.95459998      0.34203809    
  0.95480001      0.34314272    
  0.95499998      0.34422448    
  0.95519996      0.34654340    
  0.95539999      0.35174584    
  0.95559996      0.35275775    
  0.95580000      0.35373449    
  0.95599997      0.35563704    
  0.95620000      0.35654181    
  0.95639998      0.35741681    
  0.95659995      0.36072502    
  0.95679998      0.36039215    
  0.95699996      0.36295170    
  0.95719999      0.36359590    
  0.95739996      0.36433902    
  0.95760000      0.36513960    
  0.95779997      0.36582348    
  0.95799994      0.36655378    
  0.95819998      0.36747971    
  0.95840001      0.36758906    
  0.95859998      0.36784655    
  0.95879996      0.36796889    
  0.95899999      0.36803520    
  0.95919997      0.36782631    
  0.95940000      0.36776933    
  0.95959997      0.36574754    
  0.95980000      0.36550528    
  0.95999998      0.36458480    
  0.96019995      0.36422434    
  0.96039999      0.36381209    
  0.96059996      0.36262369    
  0.96079999      0.36208701    
  0.96099997      0.36149949    
  0.96120000      0.35710913    
  0.96139997      0.35539758    
  0.96159995      0.35466340    
  0.96179998      0.35395241    
  0.96200001      0.35321018    
  0.96219999      0.35124999    
  0.96239996      0.35044193    
  0.96259999      0.34492284    
  0.96279997      0.34408012    
  0.96300000      0.34195974    
  0.96319997      0.34106991    
  0.96340001      0.34014016    
  0.96359998      0.33918390    
  0.96379995      0.33708876    
  0.96399999      0.33612466    
  0.96419996      0.33064061    
  0.96439999      0.32975736    
  0.96459997      0.32781500    
  0.96480000      0.32695448    
  0.96499997      0.32610035    
  0.96519995      0.32524949    
  0.96539998      0.32345420    
  0.96560001      0.32084724    
  0.96579999      0.31840166    
  0.96599996      0.31696755    
  0.96619999      0.31636617    
  0.96639997      0.31577799    
  0.96659994      0.31520972    
  0.96679997      0.31404090    
  0.96700001      0.31355241    
  0.96719998      0.31098819    
  0.96739995      0.31068254    
  0.96759999      0.30999407    
  0.96780002      0.30977368    
  0.96799999      0.30957997    
  0.96819997      0.30941868    
  0.96840000      0.30900717    
  0.96859998      0.30893818    
  0.96879995      0.30813703    
  0.96899998      0.30821869    
  0.96920002      0.30821690    
  0.96939999      0.30838212    
  0.96959996      0.30857837    
  0.96980000      0.30880627    
  0.96999997      0.30901504    
  0.97019994      0.30931896    
  0.97039998      0.30958781    
  0.97060001      0.30997840    
  0.97079998      0.31039780    
  0.97099996      0.31084985    
  0.97119999      0.31133863    
  0.97139996      0.31185234    
  0.97160000      0.31236741    
  0.97179997      0.31287065    
  0.97200000      0.31325951    
  0.97219998      0.31371602    
  0.97239995      0.31430215    
  0.97259998      0.31490424    
  0.97280002      0.31553721    
  0.97299999      0.31597650    
  0.97319996      0.31662497    
  0.97340000      0.31662107    
  0.97359997      0.31668836    
  0.97379994      0.31689036    
  0.97399998      0.31747964    
  0.97420001      0.31807685    
  0.97439998      0.31869373    
  0.97459996      0.31878582    
  0.97479999      0.31939557    
  0.97499996      0.31814927    
