 0.4000000E+00  0.1000000E-14  0.2871144E+00  0.2946231E+00  0.2949698E+00  0.2868509E+00  0.2939799E+00  0.2923046E+00  0.2916299E+00
 0.4000000E+00  0.1023294E-14  0.2871506E+00  0.2948325E+00  0.2951899E+00  0.2868784E+00  0.2941721E+00  0.2924607E+00  0.2917699E+00
 0.4000000E+00  0.1047130E-14  0.2871856E+00  0.2950461E+00  0.2954149E+00  0.2869065E+00  0.2943690E+00  0.2926202E+00  0.2919126E+00
 0.4000000E+00  0.1071519E-14  0.2872179E+00  0.2952636E+00  0.2956452E+00  0.2869350E+00  0.2945701E+00  0.2927847E+00  0.2920582E+00
 0.4000000E+00  0.1096478E-14  0.2872503E+00  0.2954877E+00  0.2958817E+00  0.2869646E+00  0.2947759E+00  0.2929534E+00  0.2922075E+00
 0.4000000E+00  0.1122019E-14  0.2872896E+00  0.2957174E+00  0.2961239E+00  0.2869948E+00  0.2949867E+00  0.2931263E+00  0.2923614E+00
 0.4000000E+00  0.1148155E-14  0.2873236E+00  0.2959518E+00  0.2963718E+00  0.2870258E+00  0.2952023E+00  0.2933031E+00  0.2925179E+00
 0.4000000E+00  0.1174897E-14  0.2873636E+00  0.2961919E+00  0.2966257E+00  0.2870575E+00  0.2954229E+00  0.2934842E+00  0.2926789E+00
 0.4000000E+00  0.1202264E-14  0.2874024E+00  0.2964370E+00  0.2968863E+00  0.2870893E+00  0.2956486E+00  0.2936696E+00  0.2928432E+00
 0.4000000E+00  0.1230269E-14  0.2874397E+00  0.2966881E+00  0.2971532E+00  0.2871217E+00  0.2958800E+00  0.2938590E+00  0.2930111E+00
 0.4000000E+00  0.1258927E-14  0.2874805E+00  0.2969456E+00  0.2974265E+00  0.2871552E+00  0.2961172E+00  0.2940523E+00  0.2931834E+00
 0.4000000E+00  0.1288248E-14  0.2875210E+00  0.2972094E+00  0.2977065E+00  0.2871894E+00  0.2963597E+00  0.2942504E+00  0.2933598E+00
 0.4000000E+00  0.1318256E-14  0.2875622E+00  0.2974789E+00  0.2979935E+00  0.2872245E+00  0.2966078E+00  0.2944533E+00  0.2935403E+00
 0.4000000E+00  0.1348963E-14  0.2876076E+00  0.2977546E+00  0.2982871E+00  0.2872604E+00  0.2968619E+00  0.2946612E+00  0.2937254E+00
 0.4000000E+00  0.1380385E-14  0.2876519E+00  0.2980378E+00  0.2985883E+00  0.2872972E+00  0.2971218E+00  0.2948748E+00  0.2939150E+00
 0.4000000E+00  0.1412536E-14  0.2876973E+00  0.2983272E+00  0.2988968E+00  0.2873350E+00  0.2973875E+00  0.2950943E+00  0.2941091E+00
 0.4000000E+00  0.1445439E-14  0.2877430E+00  0.2986226E+00  0.2992124E+00  0.2873734E+00  0.2976595E+00  0.2953188E+00  0.2943075E+00
 0.4000000E+00  0.1479109E-14  0.2877893E+00  0.2989258E+00  0.2995360E+00  0.2874129E+00  0.2979378E+00  0.2955486E+00  0.2945107E+00
 0.4000000E+00  0.1513562E-14  0.2878405E+00  0.2992370E+00  0.2998679E+00  0.2874537E+00  0.2982225E+00  0.2957842E+00  0.2947197E+00
 0.4000000E+00  0.1548815E-14  0.2878880E+00  0.2995539E+00  0.3002073E+00  0.2874955E+00  0.2985131E+00  0.2960253E+00  0.2949324E+00
 0.4000000E+00  0.1584892E-14  0.2879375E+00  0.2998788E+00  0.3005552E+00  0.2875385E+00  0.2988108E+00  0.2962719E+00  0.2951504E+00
 0.4000000E+00  0.1621810E-14  0.2879909E+00  0.3002124E+00  0.3009121E+00  0.2875828E+00  0.2991159E+00  0.2965243E+00  0.2953745E+00
 0.4000000E+00  0.1659588E-14  0.2880420E+00  0.3005527E+00  0.3012772E+00  0.2876280E+00  0.2994278E+00  0.2967837E+00  0.2956031E+00
 0.4000000E+00  0.1698242E-14  0.2880985E+00  0.3009024E+00  0.3016513E+00  0.2876744E+00  0.2997471E+00  0.2970495E+00  0.2958381E+00
 0.4000000E+00  0.1737800E-14  0.2881547E+00  0.3012588E+00  0.3020347E+00  0.2877218E+00  0.3000737E+00  0.2973217E+00  0.2960782E+00
 0.4000000E+00  0.1778279E-14  0.2882105E+00  0.3016252E+00  0.3024278E+00  0.2877706E+00  0.3004078E+00  0.2976005E+00  0.2963242E+00
 0.4000000E+00  0.1819702E-14  0.2882697E+00  0.3020003E+00  0.3028305E+00  0.2878205E+00  0.3007496E+00  0.2978863E+00  0.2965763E+00
 0.4000000E+00  0.1862089E-14  0.2883295E+00  0.3023831E+00  0.3032427E+00  0.2878717E+00  0.3010996E+00  0.2981797E+00  0.2968343E+00
 0.4000000E+00  0.1905459E-14  0.2883889E+00  0.3027748E+00  0.3036651E+00  0.2879241E+00  0.3014581E+00  0.2984795E+00  0.2970981E+00
 0.4000000E+00  0.1949844E-14  0.2884521E+00  0.3031770E+00  0.3040986E+00  0.2879779E+00  0.3018248E+00  0.2987868E+00  0.2973690E+00
 0.4000000E+00  0.1995263E-14  0.2885167E+00  0.3035882E+00  0.3045427E+00  0.2880336E+00  0.3021994E+00  0.2991017E+00  0.2976463E+00
 0.4000000E+00  0.2041740E-14  0.2885835E+00  0.3040105E+00  0.3049986E+00  0.2880905E+00  0.3025827E+00  0.2994249E+00  0.2979308E+00
 0.4000000E+00  0.2089295E-14  0.2886462E+00  0.3044401E+00  0.3054653E+00  0.2881483E+00  0.3029745E+00  0.2997566E+00  0.2982207E+00
 0.4000000E+00  0.2137962E-14  0.2887166E+00  0.3048827E+00  0.3059444E+00  0.2882079E+00  0.3033763E+00  0.3000956E+00  0.2985192E+00
 0.4000000E+00  0.2187762E-14  0.2887880E+00  0.3053344E+00  0.3064351E+00  0.2882687E+00  0.3037873E+00  0.3004428E+00  0.2988245E+00
 0.4000000E+00  0.2238723E-14  0.2888584E+00  0.3057964E+00  0.3069379E+00  0.2883311E+00  0.3042076E+00  0.3007995E+00  0.2991367E+00
 0.4000000E+00  0.2290866E-14  0.2889318E+00  0.3062706E+00  0.3074538E+00  0.2883953E+00  0.3046376E+00  0.3011652E+00  0.2994571E+00
 0.4000000E+00  0.2344228E-14  0.2890051E+00  0.3067543E+00  0.3079821E+00  0.2884612E+00  0.3050774E+00  0.3015394E+00  0.2997845E+00
 0.4000000E+00  0.2398834E-14  0.2890842E+00  0.3072509E+00  0.3085241E+00  0.2885294E+00  0.3055276E+00  0.3019234E+00  0.3001209E+00
 0.4000000E+00  0.2454711E-14  0.2891627E+00  0.3077584E+00  0.3090794E+00  0.2885990E+00  0.3059879E+00  0.3023171E+00  0.3004650E+00
 0.4000000E+00  0.2511884E-14  0.2892413E+00  0.3082795E+00  0.3096496E+00  0.2886705E+00  0.3064589E+00  0.3027206E+00  0.3008175E+00
 0.4000000E+00  0.2570395E-14  0.2893283E+00  0.3088117E+00  0.3102337E+00  0.2887436E+00  0.3069413E+00  0.3031343E+00  0.3011793E+00
 0.4000000E+00  0.2630269E-14  0.2894112E+00  0.3093554E+00  0.3108319E+00  0.2888185E+00  0.3074344E+00  0.3035581E+00  0.3015487E+00
 0.4000000E+00  0.2691537E-14  0.2894965E+00  0.3099138E+00  0.3114459E+00  0.2888955E+00  0.3079385E+00  0.3039932E+00  0.3019275E+00
 0.4000000E+00  0.2754226E-14  0.2895846E+00  0.3104869E+00  0.3120761E+00  0.2889748E+00  0.3084548E+00  0.3044389E+00  0.3023162E+00
 0.4000000E+00  0.2818382E-14  0.2896731E+00  0.3110722E+00  0.3127221E+00  0.2890561E+00  0.3089829E+00  0.3048961E+00  0.3027139E+00
 0.4000000E+00  0.2884032E-14  0.2897685E+00  0.3116721E+00  0.3133844E+00  0.2891394E+00  0.3095231E+00  0.3053651E+00  0.3031221E+00
 0.4000000E+00  0.2951211E-14  0.2898605E+00  0.3122852E+00  0.3140636E+00  0.2892253E+00  0.3100758E+00  0.3058457E+00  0.3035394E+00
 0.4000000E+00  0.3019949E-14  0.2899589E+00  0.3129135E+00  0.3147601E+00  0.2893133E+00  0.3106408E+00  0.3063385E+00  0.3039675E+00
 0.4000000E+00  0.3090294E-14  0.2900592E+00  0.3135567E+00  0.3154748E+00  0.2894039E+00  0.3112194E+00  0.3068442E+00  0.3044063E+00
 0.4000000E+00  0.3162278E-14  0.2901604E+00  0.3142160E+00  0.3162077E+00  0.2894967E+00  0.3118109E+00  0.3073625E+00  0.3048556E+00
 0.4000000E+00  0.3235938E-14  0.2902641E+00  0.3148910E+00  0.3169595E+00  0.2895922E+00  0.3124160E+00  0.3078943E+00  0.3053162E+00
 0.4000000E+00  0.3311315E-14  0.2903699E+00  0.3155825E+00  0.3177310E+00  0.2896903E+00  0.3130352E+00  0.3084399E+00  0.3057882E+00
 0.4000000E+00  0.3388439E-14  0.2904783E+00  0.3162888E+00  0.3185218E+00  0.2897908E+00  0.3136683E+00  0.3089990E+00  0.3062713E+00
 0.4000000E+00  0.3467368E-14  0.2905926E+00  0.3170150E+00  0.3193340E+00  0.2898945E+00  0.3143160E+00  0.3095730E+00  0.3067677E+00
 0.4000000E+00  0.3548135E-14  0.2907043E+00  0.3177559E+00  0.3201661E+00  0.2900005E+00  0.3149782E+00  0.3101614E+00  0.3072748E+00
 0.4000000E+00  0.3630784E-14  0.2908199E+00  0.3185157E+00  0.3210206E+00  0.2901096E+00  0.3156558E+00  0.3107652E+00  0.3077950E+00
 0.4000000E+00  0.3715350E-14  0.2909400E+00  0.3192933E+00  0.3218974E+00  0.2902221E+00  0.3163488E+00  0.3113844E+00  0.3083284E+00
 0.4000000E+00  0.3801893E-14  0.2910599E+00  0.3200893E+00  0.3227965E+00  0.2903377E+00  0.3170574E+00  0.3120198E+00  0.3088745E+00
 0.4000000E+00  0.3890453E-14  0.2911879E+00  0.3209063E+00  0.3237199E+00  0.2904571E+00  0.3177824E+00  0.3126718E+00  0.3094355E+00
 0.4000000E+00  0.3981075E-14  0.2913158E+00  0.3217428E+00  0.3246672E+00  0.2905794E+00  0.3185238E+00  0.3133406E+00  0.3100099E+00
 0.4000000E+00  0.4073799E-14  0.2914447E+00  0.3225976E+00  0.3256390E+00  0.2907050E+00  0.3192820E+00  0.3140268E+00  0.3105980E+00
 0.4000000E+00  0.4168693E-14  0.2915790E+00  0.3234744E+00  0.3266366E+00  0.2908346E+00  0.3200575E+00  0.3147310E+00  0.3112014E+00
 0.4000000E+00  0.4265796E-14  0.2917182E+00  0.3243726E+00  0.3276605E+00  0.2909677E+00  0.3208506E+00  0.3154535E+00  0.3118201E+00
 0.4000000E+00  0.4365162E-14  0.2918588E+00  0.3252930E+00  0.3287120E+00  0.2911050E+00  0.3216618E+00  0.3161953E+00  0.3124545E+00
 0.4000000E+00  0.4466832E-14  0.2920008E+00  0.3262337E+00  0.3297901E+00  0.2912460E+00  0.3224910E+00  0.3169564E+00  0.3131038E+00
 0.4000000E+00  0.4570880E-14  0.2921503E+00  0.3271977E+00  0.3308974E+00  0.2913912E+00  0.3233389E+00  0.3177374E+00  0.3137703E+00
 0.4000000E+00  0.4677352E-14  0.2922989E+00  0.3281867E+00  0.3320348E+00  0.2915409E+00  0.3242062E+00  0.3185391E+00  0.3144534E+00
 0.4000000E+00  0.4786304E-14  0.2924544E+00  0.3291970E+00  0.3332008E+00  0.2916948E+00  0.3250927E+00  0.3193618E+00  0.3151533E+00
 0.4000000E+00  0.4897783E-14  0.2926136E+00  0.3302337E+00  0.3343989E+00  0.2918532E+00  0.3259991E+00  0.3202062E+00  0.3158714E+00
 0.4000000E+00  0.5011870E-14  0.2927719E+00  0.3312946E+00  0.3356288E+00  0.2920167E+00  0.3269260E+00  0.3210731E+00  0.3166068E+00
 0.4000000E+00  0.5128614E-14  0.2929380E+00  0.3323820E+00  0.3368917E+00  0.2921850E+00  0.3278735E+00  0.3219630E+00  0.3173616E+00
 0.4000000E+00  0.5248078E-14  0.2931060E+00  0.3334949E+00  0.3381882E+00  0.2923584E+00  0.3288423E+00  0.3228767E+00  0.3181350E+00
 0.4000000E+00  0.5370312E-14  0.2932797E+00  0.3346356E+00  0.3395197E+00  0.2925373E+00  0.3298326E+00  0.3238145E+00  0.3189284E+00
 0.4000000E+00  0.5495406E-14  0.2934569E+00  0.3358037E+00  0.3408868E+00  0.2927215E+00  0.3308448E+00  0.3247773E+00  0.3197417E+00
 0.4000000E+00  0.5623413E-14  0.2936388E+00  0.3370002E+00  0.3422908E+00  0.2929115E+00  0.3318797E+00  0.3257660E+00  0.3205759E+00
 0.4000000E+00  0.5754403E-14  0.2938255E+00  0.3382272E+00  0.3437334E+00  0.2931077E+00  0.3329374E+00  0.3267812E+00  0.3214317E+00
 0.4000000E+00  0.5888443E-14  0.2940145E+00  0.3394812E+00  0.3452140E+00  0.2933094E+00  0.3340183E+00  0.3278235E+00  0.3223082E+00
 0.4000000E+00  0.6025592E-14  0.2942052E+00  0.3407674E+00  0.3467349E+00  0.2935180E+00  0.3351230E+00  0.3288938E+00  0.3232071E+00
 0.4000000E+00  0.6165950E-14  0.2944041E+00  0.3420862E+00  0.3482980E+00  0.2937333E+00  0.3362523E+00  0.3299932E+00  0.3241299E+00
 0.4000000E+00  0.6309576E-14  0.2946114E+00  0.3434354E+00  0.3499028E+00  0.2939552E+00  0.3374062E+00  0.3311220E+00  0.3250763E+00
 0.4000000E+00  0.6456548E-14  0.2948197E+00  0.3448185E+00  0.3515516E+00  0.2941845E+00  0.3385852E+00  0.3322814E+00  0.3260466E+00
 0.4000000E+00  0.6606930E-14  0.2950311E+00  0.3462331E+00  0.3532447E+00  0.2944209E+00  0.3397898E+00  0.3334719E+00  0.3270409E+00
 0.4000000E+00  0.6760829E-14  0.2952468E+00  0.3476842E+00  0.3549850E+00  0.2946652E+00  0.3410207E+00  0.3346948E+00  0.3280612E+00
 0.4000000E+00  0.6918312E-14  0.2954753E+00  0.3491720E+00  0.3567730E+00  0.2949178E+00  0.3422784E+00  0.3359510E+00  0.3291091E+00
 0.4000000E+00  0.7079464E-14  0.2956994E+00  0.3506933E+00  0.3586094E+00  0.2951783E+00  0.3435631E+00  0.3372412E+00  0.3301818E+00
 0.4000000E+00  0.7244353E-14  0.2959372E+00  0.3522541E+00  0.3604967E+00  0.2954478E+00  0.3448753E+00  0.3385665E+00  0.3312838E+00
 0.4000000E+00  0.7413100E-14  0.2961753E+00  0.3538511E+00  0.3624354E+00  0.2957260E+00  0.3462157E+00  0.3399279E+00  0.3324130E+00
 0.4000000E+00  0.7585778E-14  0.2964183E+00  0.3554896E+00  0.3644287E+00  0.2960139E+00  0.3475848E+00  0.3413265E+00  0.3335719E+00
 0.4000000E+00  0.7762478E-14  0.2966705E+00  0.3571655E+00  0.3664757E+00  0.2963113E+00  0.3489829E+00  0.3427632E+00  0.3347605E+00
 0.4000000E+00  0.7943275E-14  0.2969290E+00  0.3588853E+00  0.3685802E+00  0.2966192E+00  0.3504107E+00  0.3442391E+00  0.3359804E+00
 0.4000000E+00  0.8128303E-14  0.2971913E+00  0.3606456E+00  0.3707426E+00  0.2969374E+00  0.3518685E+00  0.3457557E+00  0.3372312E+00
 0.4000000E+00  0.8317639E-14  0.2974615E+00  0.3624484E+00  0.3729646E+00  0.2972665E+00  0.3533571E+00  0.3473138E+00  0.3385145E+00
 0.4000000E+00  0.8511386E-14  0.2977343E+00  0.3642957E+00  0.3752486E+00  0.2976070E+00  0.3548766E+00  0.3489146E+00  0.3398307E+00
 0.4000000E+00  0.8709627E-14  0.2980183E+00  0.3661895E+00  0.3775961E+00  0.2979598E+00  0.3564277E+00  0.3505593E+00  0.3411817E+00
 0.4000000E+00  0.8912505E-14  0.2983033E+00  0.3681281E+00  0.3800086E+00  0.2983246E+00  0.3580110E+00  0.3522492E+00  0.3425667E+00
 0.4000000E+00  0.9120109E-14  0.2986001E+00  0.3701153E+00  0.3824886E+00  0.2987026E+00  0.3596270E+00  0.3539858E+00  0.3439887E+00
 0.4000000E+00  0.9332549E-14  0.2989049E+00  0.3721514E+00  0.3850374E+00  0.2990940E+00  0.3612761E+00  0.3557699E+00  0.3454476E+00
 0.4000000E+00  0.9549916E-14  0.2992125E+00  0.3742356E+00  0.3876569E+00  0.2994991E+00  0.3629586E+00  0.3576030E+00  0.3469433E+00
 0.4000000E+00  0.9772367E-14  0.2995294E+00  0.3763721E+00  0.3903500E+00  0.2999190E+00  0.3646752E+00  0.3594868E+00  0.3484786E+00
 0.4000000E+00  0.1000000E-13  0.2998506E+00  0.3785607E+00  0.3931176E+00  0.3003538E+00  0.3664265E+00  0.3614222E+00  0.3500531E+00
 0.4000000E+00  0.1023294E-13  0.3001844E+00  0.3808042E+00  0.3959633E+00  0.3008048E+00  0.3682130E+00  0.3634111E+00  0.3516697E+00
 0.4000000E+00  0.1047130E-13  0.3005218E+00  0.3831010E+00  0.3988878E+00  0.3012719E+00  0.3700347E+00  0.3654546E+00  0.3533272E+00
 0.4000000E+00  0.1071519E-13  0.3008718E+00  0.3854534E+00  0.4018935E+00  0.3017562E+00  0.3718925E+00  0.3675541E+00  0.3550282E+00
 0.4000000E+00  0.1096478E-13  0.3012275E+00  0.3878666E+00  0.4049844E+00  0.3022587E+00  0.3737870E+00  0.3697116E+00  0.3567739E+00
 0.4000000E+00  0.1122019E-13  0.3015908E+00  0.3903353E+00  0.4081602E+00  0.3027791E+00  0.3757182E+00  0.3719280E+00  0.3585638E+00
 0.4000000E+00  0.1148155E-13  0.3019634E+00  0.3928676E+00  0.4114258E+00  0.3033193E+00  0.3776871E+00  0.3742056E+00  0.3604012E+00
 0.4000000E+00  0.1174897E-13  0.3023453E+00  0.3954587E+00  0.4147809E+00  0.3038792E+00  0.3796933E+00  0.3765450E+00  0.3622853E+00
 0.4000000E+00  0.1202264E-13  0.3027351E+00  0.3981151E+00  0.4182307E+00  0.3044603E+00  0.3817382E+00  0.3789488E+00  0.3642189E+00
 0.4000000E+00  0.1230269E-13  0.3031327E+00  0.4008342E+00  0.4217754E+00  0.3050628E+00  0.3838217E+00  0.3814181E+00  0.3662017E+00
 0.4000000E+00  0.1258927E-13  0.3035436E+00  0.4036230E+00  0.4254198E+00  0.3056885E+00  0.3859445E+00  0.3839546E+00  0.3682372E+00
 0.4000000E+00  0.1288249E-13  0.3039615E+00  0.4064761E+00  0.4291636E+00  0.3063370E+00  0.3881064E+00  0.3865597E+00  0.3703237E+00
 0.4000000E+00  0.1318256E-13  0.3043895E+00  0.4093992E+00  0.4330117E+00  0.3070102E+00  0.3903086E+00  0.3892356E+00  0.3724645E+00
 0.4000000E+00  0.1348963E-13  0.3048279E+00  0.4123946E+00  0.4369664E+00  0.3077088E+00  0.3925512E+00  0.3919837E+00  0.3746607E+00
 0.4000000E+00  0.1380385E-13  0.3052759E+00  0.4154644E+00  0.4410305E+00  0.3084338E+00  0.3948345E+00  0.3948057E+00  0.3769135E+00
 0.4000000E+00  0.1412536E-13  0.3057353E+00  0.4186043E+00  0.4452043E+00  0.3091857E+00  0.3971585E+00  0.3977030E+00  0.3792229E+00
 0.4000000E+00  0.1445439E-13  0.3062025E+00  0.4218217E+00  0.4494937E+00  0.3099663E+00  0.3995242E+00  0.4006778E+00  0.3815916E+00
 0.4000000E+00  0.1479109E-13  0.3066842E+00  0.4251179E+00  0.4538998E+00  0.3107761E+00  0.4019319E+00  0.4037313E+00  0.3840212E+00
 0.4000000E+00  0.1513562E-13  0.3071770E+00  0.4284918E+00  0.4584254E+00  0.3116163E+00  0.4043818E+00  0.4068655E+00  0.3865121E+00
 0.4000000E+00  0.1548815E-13  0.3076810E+00  0.4319487E+00  0.4630737E+00  0.3124881E+00  0.4068741E+00  0.4100817E+00  0.3890663E+00
 0.4000000E+00  0.1584892E-13  0.3081953E+00  0.4354860E+00  0.4678464E+00  0.3133923E+00  0.4094093E+00  0.4133816E+00  0.3916841E+00
 0.4000000E+00  0.1621810E-13  0.3087227E+00  0.4391094E+00  0.4727474E+00  0.3143302E+00  0.4119878E+00  0.4167671E+00  0.3943680E+00
 0.4000000E+00  0.1659588E-13  0.3092640E+00  0.4428200E+00  0.4777792E+00  0.3153028E+00  0.4146097E+00  0.4202395E+00  0.3971194E+00
 0.4000000E+00  0.1698242E-13  0.3098131E+00  0.4466141E+00  0.4829416E+00  0.3163106E+00  0.4172751E+00  0.4237998E+00  0.3999369E+00
 0.4000000E+00  0.1737800E-13  0.3103791E+00  0.4505029E+00  0.4882418E+00  0.3173558E+00  0.4199857E+00  0.4274502E+00  0.4028260E+00
 0.4000000E+00  0.1778279E-13  0.3109568E+00  0.4544806E+00  0.4936785E+00  0.3184384E+00  0.4227409E+00  0.4311913E+00  0.4057850E+00
 0.4000000E+00  0.1819702E-13  0.3115495E+00  0.4585524E+00  0.4992561E+00  0.3195600E+00  0.4255415E+00  0.4350246E+00  0.4088163E+00
 0.4000000E+00  0.1862089E-13  0.3121530E+00  0.4627186E+00  0.5049754E+00  0.3207215E+00  0.4283878E+00  0.4389512E+00  0.4119202E+00
 0.4000000E+00  0.1905460E-13  0.3127727E+00  0.4669814E+00  0.5108386E+00  0.3219236E+00  0.4312796E+00  0.4429712E+00  0.4150984E+00
 0.4000000E+00  0.1949844E-13  0.3134082E+00  0.4713443E+00  0.5168495E+00  0.3231677E+00  0.4342185E+00  0.4470870E+00  0.4183528E+00
 0.4000000E+00  0.1995263E-13  0.3140544E+00  0.4758053E+00  0.5230072E+00  0.3244540E+00  0.4372041E+00  0.4512980E+00  0.4216822E+00
 0.4000000E+00  0.2041740E-13  0.3147188E+00  0.4803703E+00  0.5293158E+00  0.3257841E+00  0.4402372E+00  0.4556055E+00  0.4250900E+00
 0.4000000E+00  0.2089295E-13  0.3153996E+00  0.4850395E+00  0.5357750E+00  0.3271578E+00  0.4433187E+00  0.4600088E+00  0.4285760E+00
 0.4000000E+00  0.2137962E-13  0.3160944E+00  0.4898126E+00  0.5423867E+00  0.3285756E+00  0.4464492E+00  0.4645086E+00  0.4321404E+00
 0.4000000E+00  0.2187762E-13  0.3168055E+00  0.4946925E+00  0.5491511E+00  0.3300379E+00  0.4496300E+00  0.4691051E+00  0.4357844E+00
 0.4000000E+00  0.2238723E-13  0.3175299E+00  0.4996789E+00  0.5560688E+00  0.3315448E+00  0.4528613E+00  0.4737975E+00  0.4395076E+00
 0.4000000E+00  0.2290866E-13  0.3182718E+00  0.5047780E+00  0.5631402E+00  0.3330969E+00  0.4561440E+00  0.4785846E+00  0.4433117E+00
 0.4000000E+00  0.2344228E-13  0.3190349E+00  0.5099857E+00  0.5703648E+00  0.3346933E+00  0.4594801E+00  0.4834659E+00  0.4471966E+00
 0.4000000E+00  0.2398834E-13  0.3198145E+00  0.5153098E+00  0.5777428E+00  0.3363343E+00  0.4628708E+00  0.4884398E+00  0.4511629E+00
 0.4000000E+00  0.2454711E-13  0.3206109E+00  0.5207431E+00  0.5852706E+00  0.3380181E+00  0.4663169E+00  0.4935043E+00  0.4552084E+00
 0.4000000E+00  0.2511884E-13  0.3214234E+00  0.5262920E+00  0.5929477E+00  0.3397445E+00  0.4698203E+00  0.4986562E+00  0.4593337E+00
 0.4000000E+00  0.2570395E-13  0.3222557E+00  0.5319572E+00  0.6007726E+00  0.3415121E+00  0.4733834E+00  0.5038941E+00  0.4635390E+00
 0.4000000E+00  0.2630268E-13  0.3231056E+00  0.5377395E+00  0.6087410E+00  0.3433189E+00  0.4770079E+00  0.5092146E+00  0.4678228E+00
 0.4000000E+00  0.2691537E-13  0.3239772E+00  0.5436372E+00  0.6168489E+00  0.3451625E+00  0.4806964E+00  0.5146133E+00  0.4721839E+00
 0.4000000E+00  0.2754226E-13  0.3248659E+00  0.5496524E+00  0.6250913E+00  0.3470404E+00  0.4844510E+00  0.5200855E+00  0.4766203E+00
 0.4000000E+00  0.2818382E-13  0.3257771E+00  0.5557873E+00  0.6334646E+00  0.3489500E+00  0.4882756E+00  0.5256268E+00  0.4811319E+00
 0.4000000E+00  0.2884032E-13  0.3267064E+00  0.5620383E+00  0.6419601E+00  0.3508872E+00  0.4921729E+00  0.5312313E+00  0.4857144E+00
 0.4000000E+00  0.2951211E-13  0.3276598E+00  0.5684085E+00  0.6505718E+00  0.3528477E+00  0.4961471E+00  0.5368928E+00  0.4903674E+00
 0.4000000E+00  0.3019949E-13  0.3286334E+00  0.5748959E+00  0.6592894E+00  0.3548265E+00  0.5002013E+00  0.5426030E+00  0.4950860E+00
 0.4000000E+00  0.3090294E-13  0.3296228E+00  0.5814989E+00  0.6681045E+00  0.3568181E+00  0.5043418E+00  0.5483546E+00  0.4998666E+00
 0.4000000E+00  0.3162278E-13  0.3306403E+00  0.5882177E+00  0.6770051E+00  0.3588163E+00  0.5085730E+00  0.5541389E+00  0.5047072E+00
 0.4000000E+00  0.3235938E-13  0.3316759E+00  0.5950497E+00  0.6859786E+00  0.3608138E+00  0.5129005E+00  0.5599455E+00  0.5096014E+00
 0.4000000E+00  0.3311315E-13  0.3327368E+00  0.6019958E+00  0.6950113E+00  0.3628030E+00  0.5173307E+00  0.5657636E+00  0.5145457E+00
 0.4000000E+00  0.3388439E-13  0.3338220E+00  0.6090515E+00  0.7040864E+00  0.3647748E+00  0.5218700E+00  0.5715811E+00  0.5195336E+00
 0.4000000E+00  0.3467368E-13  0.3349261E+00  0.6162128E+00  0.7131868E+00  0.3667196E+00  0.5265267E+00  0.5773852E+00  0.5245580E+00
 0.4000000E+00  0.3548135E-13  0.3360606E+00  0.6234836E+00  0.7222950E+00  0.3686273E+00  0.5313090E+00  0.5831625E+00  0.5296152E+00
 0.4000000E+00  0.3630784E-13  0.3372138E+00  0.6308528E+00  0.7313871E+00  0.3704861E+00  0.5362258E+00  0.5888970E+00  0.5346940E+00
 0.4000000E+00  0.3715350E-13  0.3383930E+00  0.6383198E+00  0.7404411E+00  0.3722830E+00  0.5412866E+00  0.5945721E+00  0.5397878E+00
 0.4000000E+00  0.3801893E-13  0.3395979E+00  0.6458778E+00  0.7494310E+00  0.3740053E+00  0.5465030E+00  0.6001720E+00  0.5448875E+00
 0.4000000E+00  0.3890453E-13  0.3408274E+00  0.6535248E+00  0.7583297E+00  0.3756387E+00  0.5518858E+00  0.6056764E+00  0.5499835E+00
 0.4000000E+00  0.3981075E-13  0.3420815E+00  0.6612533E+00  0.7671070E+00  0.3771681E+00  0.5574477E+00  0.6110660E+00  0.5550652E+00
 0.4000000E+00  0.4073800E-13  0.3433651E+00  0.6690555E+00  0.7757295E+00  0.3785774E+00  0.5632015E+00  0.6163190E+00  0.5601213E+00
 0.4000000E+00  0.4168693E-13  0.3446695E+00  0.6769257E+00  0.7841635E+00  0.3798505E+00  0.5691621E+00  0.6214145E+00  0.5651396E+00
 0.4000000E+00  0.4265796E-13  0.3460048E+00  0.6848527E+00  0.7923691E+00  0.3809697E+00  0.5753444E+00  0.6263281E+00  0.5701073E+00
 0.4000000E+00  0.4365162E-13  0.3473637E+00  0.6928307E+00  0.8003082E+00  0.3819180E+00  0.5817645E+00  0.6310361E+00  0.5750112E+00
 0.4000000E+00  0.4466832E-13  0.3487499E+00  0.7008488E+00  0.8079360E+00  0.3826781E+00  0.5884382E+00  0.6355123E+00  0.5798367E+00
 0.4000000E+00  0.4570880E-13  0.3501621E+00  0.7088959E+00  0.8152077E+00  0.3832320E+00  0.5953840E+00  0.6397310E+00  0.5845693E+00
 0.4000000E+00  0.4677352E-13  0.3516054E+00  0.7169584E+00  0.8220740E+00  0.3835631E+00  0.6026192E+00  0.6436656E+00  0.5891937E+00
 0.4000000E+00  0.4786304E-13  0.3530731E+00  0.7250216E+00  0.8284831E+00  0.3836547E+00  0.6101626E+00  0.6472879E+00  0.5936924E+00
 0.4000000E+00  0.4897783E-13  0.3545699E+00  0.7330760E+00  0.8343821E+00  0.3834925E+00  0.6180314E+00  0.6505701E+00  0.5980504E+00
 0.4000000E+00  0.5011870E-13  0.3560930E+00  0.7411028E+00  0.8397142E+00  0.3830629E+00  0.6262458E+00  0.6534846E+00  0.6022502E+00
 0.4000000E+00  0.5128614E-13  0.3576452E+00  0.7490878E+00  0.8444213E+00  0.3823552E+00  0.6348227E+00  0.6560035E+00  0.6062753E+00
 0.4000000E+00  0.5248078E-13  0.3592209E+00  0.7570069E+00  0.8484402E+00  0.3813612E+00  0.6437787E+00  0.6580993E+00  0.6101065E+00
 0.4000000E+00  0.5370312E-13  0.3608294E+00  0.7648431E+00  0.8517087E+00  0.3800770E+00  0.6531286E+00  0.6597453E+00  0.6137280E+00
 0.4000000E+00  0.5495406E-13  0.3624658E+00  0.7725801E+00  0.8541652E+00  0.3785031E+00  0.6628870E+00  0.6609169E+00  0.6171239E+00
 0.4000000E+00  0.5623413E-13  0.3641240E+00  0.7801860E+00  0.8557400E+00  0.3766445E+00  0.6730630E+00  0.6615902E+00  0.6202741E+00
 0.4000000E+00  0.5754402E-13  0.3658147E+00  0.7876437E+00  0.8563700E+00  0.3745141E+00  0.6836624E+00  0.6617440E+00  0.6231657E+00
 0.4000000E+00  0.5888443E-13  0.3675321E+00  0.7949275E+00  0.8559895E+00  0.3721308E+00  0.6946862E+00  0.6613602E+00  0.6257828E+00
 0.4000000E+00  0.6025592E-13  0.3692703E+00  0.8020021E+00  0.8545306E+00  0.3695221E+00  0.7061260E+00  0.6604236E+00  0.6281080E+00
 0.4000000E+00  0.6165949E-13  0.3710410E+00  0.8088468E+00  0.8519320E+00  0.3667248E+00  0.7179710E+00  0.6589231E+00  0.6301318E+00
 0.4000000E+00  0.6309576E-13  0.3728346E+00  0.8154289E+00  0.8481316E+00  0.3637869E+00  0.7301955E+00  0.6568529E+00  0.6318404E+00
 0.4000000E+00  0.6456549E-13  0.3746513E+00  0.8217131E+00  0.8430710E+00  0.3607665E+00  0.7427629E+00  0.6542125E+00  0.6332228E+00
 0.4000000E+00  0.6606930E-13  0.3764968E+00  0.8276706E+00  0.8366991E+00  0.3577353E+00  0.7556217E+00  0.6510078E+00  0.6342722E+00
 0.4000000E+00  0.6760829E-13  0.3783633E+00  0.8332554E+00  0.8289644E+00  0.3547755E+00  0.7687065E+00  0.6472503E+00  0.6349775E+00
 0.4000000E+00  0.6918312E-13  0.3802530E+00  0.8384437E+00  0.8198310E+00  0.3519859E+00  0.7819299E+00  0.6429609E+00  0.6353371E+00
 0.4000000E+00  0.7079464E-13  0.3821653E+00  0.8431861E+00  0.8092643E+00  0.3494768E+00  0.7951828E+00  0.6381679E+00  0.6353442E+00
 0.4000000E+00  0.7244354E-13  0.3840961E+00  0.8474488E+00  0.7972475E+00  0.3473737E+00  0.8083302E+00  0.6329094E+00  0.6349983E+00
 0.4000000E+00  0.7413100E-13  0.3860469E+00  0.8511875E+00  0.7837676E+00  0.3458137E+00  0.8212138E+00  0.6272308E+00  0.6342977E+00
 0.4000000E+00  0.7585778E-13  0.3880165E+00  0.8543587E+00  0.7688306E+00  0.3449470E+00  0.8336409E+00  0.6211891E+00  0.6332427E+00
 0.4000000E+00  0.7762478E-13  0.3900009E+00  0.8569239E+00  0.7524593E+00  0.3449341E+00  0.8453886E+00  0.6148505E+00  0.6318357E+00
 0.4000000E+00  0.7943275E-13  0.3919975E+00  0.8588341E+00  0.7346922E+00  0.3459431E+00  0.8561992E+00  0.6082909E+00  0.6300777E+00
 0.4000000E+00  0.8128302E-13  0.3940085E+00  0.8600451E+00  0.7155828E+00  0.3481472E+00  0.8657853E+00  0.6015941E+00  0.6279711E+00
 0.4000000E+00  0.8317639E-13  0.3960294E+00  0.8605172E+00  0.6952147E+00  0.3517196E+00  0.8738236E+00  0.5948539E+00  0.6255192E+00
 0.4000000E+00  0.8511386E-13  0.3980576E+00  0.8601993E+00  0.6736868E+00  0.3568293E+00  0.8799620E+00  0.5881698E+00  0.6227219E+00
 0.4000000E+00  0.8709628E-13  0.4000942E+00  0.8590581E+00  0.6511293E+00  0.3636342E+00  0.8838236E+00  0.5816478E+00  0.6195827E+00
 0.4000000E+00  0.8912506E-13  0.4021317E+00  0.8570421E+00  0.6276870E+00  0.3722748E+00  0.8850148E+00  0.5753944E+00  0.6160979E+00
 0.4000000E+00  0.9120109E-13  0.4041660E+00  0.8541154E+00  0.6035408E+00  0.3828651E+00  0.8831345E+00  0.5695183E+00  0.6122671E+00
 0.4000000E+00  0.9332549E-13  0.4061991E+00  0.8502379E+00  0.5788930E+00  0.3954835E+00  0.8777896E+00  0.5641240E+00  0.6080877E+00
 0.4000000E+00  0.9549916E-13  0.4082257E+00  0.8453781E+00  0.5539765E+00  0.4101629E+00  0.8686129E+00  0.5593087E+00  0.6035573E+00
 0.4000000E+00  0.9772367E-13  0.4102419E+00  0.8395002E+00  0.5290402E+00  0.4268848E+00  0.8552806E+00  0.5551568E+00  0.5986717E+00
 0.4000000E+00  0.1000000E-12  0.4122408E+00  0.8325777E+00  0.5043644E+00  0.4455619E+00  0.8375429E+00  0.5517368E+00  0.5934293E+00
 0.4000000E+00  0.1023294E-12  0.4142233E+00  0.8245909E+00  0.4802475E+00  0.4660342E+00  0.8152495E+00  0.5490955E+00  0.5878336E+00
 0.4000000E+00  0.1047130E-12  0.4161783E+00  0.8155227E+00  0.4570043E+00  0.4880582E+00  0.7883793E+00  0.5472528E+00  0.5818909E+00
 0.4000000E+00  0.1071519E-12  0.4181082E+00  0.8053724E+00  0.4349657E+00  0.5112998E+00  0.7570761E+00  0.5461987E+00  0.5756201E+00
 0.4000000E+00  0.1096478E-12  0.4200063E+00  0.7941273E+00  0.4144582E+00  0.5353367E+00  0.7216636E+00  0.5458877E+00  0.5690436E+00
 0.4000000E+00  0.1122019E-12  0.4218571E+00  0.7817964E+00  0.3958158E+00  0.5596473E+00  0.6826912E+00  0.5462397E+00  0.5622007E+00
 0.4000000E+00  0.1148155E-12  0.4236690E+00  0.7684103E+00  0.3793625E+00  0.5836245E+00  0.6409401E+00  0.5471391E+00  0.5551517E+00
 0.4000000E+00  0.1174897E-12  0.4254298E+00  0.7539889E+00  0.3654003E+00  0.6065779E+00  0.5974365E+00  0.5484376E+00  0.5479684E+00
 0.4000000E+00  0.1202264E-12  0.4271313E+00  0.7385737E+00  0.3542001E+00  0.6277615E+00  0.5534271E+00  0.5499624E+00  0.5407428E+00
 0.4000000E+00  0.1230269E-12  0.4287679E+00  0.7222140E+00  0.3459935E+00  0.6463817E+00  0.5103765E+00  0.5515258E+00  0.5335855E+00
 0.4000000E+00  0.1258927E-12  0.4303284E+00  0.7049803E+00  0.3409594E+00  0.6616383E+00  0.4699020E+00  0.5529407E+00  0.5266242E+00
 0.4000000E+00  0.1288248E-12  0.4318156E+00  0.6869534E+00  0.3392100E+00  0.6727568E+00  0.4337054E+00  0.5540386E+00  0.5199990E+00
 0.4000000E+00  0.1318256E-12  0.4332151E+00  0.6682267E+00  0.3407815E+00  0.6790361E+00  0.4034584E+00  0.5546933E+00  0.5138503E+00
 0.4000000E+00  0.1348963E-12  0.4345141E+00  0.6489032E+00  0.3456213E+00  0.6798891E+00  0.3807007E+00  0.5548426E+00  0.5083125E+00
 0.4000000E+00  0.1380385E-12  0.4357151E+00  0.6291149E+00  0.3535820E+00  0.6749005E+00  0.3666850E+00  0.5545110E+00  0.5035069E+00
 0.4000000E+00  0.1412536E-12  0.4368044E+00  0.6089926E+00  0.3644103E+00  0.6638731E+00  0.3622299E+00  0.5538287E+00  0.4995168E+00
 0.4000000E+00  0.1445439E-12  0.4377657E+00  0.5886804E+00  0.3777505E+00  0.6468693E+00  0.3675778E+00  0.5530382E+00  0.4963785E+00
 0.4000000E+00  0.1479109E-12  0.4386012E+00  0.5683483E+00  0.3931410E+00  0.6242548E+00  0.3822780E+00  0.5524907E+00  0.4940739E+00
 0.4000000E+00  0.1513562E-12  0.4392916E+00  0.5481588E+00  0.4100190E+00  0.5967112E+00  0.4051080E+00  0.5526179E+00  0.4925066E+00
 0.4000000E+00  0.1548815E-12  0.4398368E+00  0.5283030E+00  0.4277366E+00  0.5652473E+00  0.4340631E+00  0.5538859E+00  0.4915104E+00
 0.4000000E+00  0.1584893E-12  0.4402276E+00  0.5089583E+00  0.4455803E+00  0.5311573E+00  0.4664431E+00  0.5567194E+00  0.4908388E+00
 0.4000000E+00  0.1621810E-12  0.4404460E+00  0.4903091E+00  0.4627859E+00  0.4959918E+00  0.4990067E+00  0.5613971E+00  0.4901775E+00
 0.4000000E+00  0.1659588E-12  0.4404874E+00  0.4725506E+00  0.4785816E+00  0.4614654E+00  0.5282563E+00  0.5678304E+00  0.4891529E+00
 0.4000000E+00  0.1698242E-12  0.4403428E+00  0.4558572E+00  0.4922126E+00  0.4293516E+00  0.5507913E+00  0.5757067E+00  0.4873977E+00
 0.4000000E+00  0.1737800E-12  0.4400025E+00  0.4404006E+00  0.5029938E+00  0.4013409E+00  0.5637329E+00  0.5843045E+00  0.4845678E+00
 0.4000000E+00  0.1778279E-12  0.4394529E+00  0.4263363E+00  0.5103411E+00  0.3789136E+00  0.5651327E+00  0.5927288E+00  0.4804219E+00
 0.4000000E+00  0.1819702E-12  0.4386980E+00  0.4138051E+00  0.5138217E+00  0.3631780E+00  0.5543493E+00  0.5991207E+00  0.4748184E+00
 0.4000000E+00  0.1862089E-12  0.4377217E+00  0.4029106E+00  0.5131880E+00  0.3547394E+00  0.5322699E+00  0.6023071E+00  0.4677817E+00
 0.4000000E+00  0.1905460E-12  0.4365115E+00  0.3937343E+00  0.5084157E+00  0.3536023E+00  0.5014063E+00  0.5988863E+00  0.4593125E+00
 0.4000000E+00  0.1949844E-12  0.4350742E+00  0.3863217E+00  0.4997196E+00  0.3591205E+00  0.4655360E+00  0.5868546E+00  0.4497220E+00
 0.4000000E+00  0.1995263E-12  0.4333950E+00  0.3806735E+00  0.4875614E+00  0.3700161E+00  0.4293711E+00  0.5680923E+00  0.4398578E+00
 0.4000000E+00  0.2041740E-12  0.4314782E+00  0.3767543E+00  0.4726387E+00  0.3844770E+00  0.3977228E+00  0.5378514E+00  0.4296872E+00
 0.4000000E+00  0.2089295E-12  0.4293109E+00  0.3744740E+00  0.4558510E+00  0.4003291E+00  0.3746015E+00  0.5022578E+00  0.4203939E+00
 0.4000000E+00  0.2137962E-12  0.4269005E+00  0.3737017E+00  0.4382407E+00  0.4152860E+00  0.3626821E+00  0.4642349E+00  0.4125221E+00
 0.4000000E+00  0.2187762E-12  0.4242428E+00  0.3742611E+00  0.4209286E+00  0.4272224E+00  0.3627117E+00  0.4269805E+00  0.4063598E+00
 0.4000000E+00  0.2238723E-12  0.4213448E+00  0.3759320E+00  0.4050142E+00  0.4344689E+00  0.3729041E+00  0.3952708E+00  0.4021300E+00
 0.4000000E+00  0.2290866E-12  0.4182028E+00  0.3784581E+00  0.3914796E+00  0.4360550E+00  0.3889955E+00  0.3742799E+00  0.3996952E+00
 0.4000000E+00  0.2344228E-12  0.4148306E+00  0.3815533E+00  0.3810839E+00  0.4318530E+00  0.4063632E+00  0.3659883E+00  0.3986545E+00
 0.4000000E+00  0.2398834E-12  0.4112343E+00  0.3849175E+00  0.3742831E+00  0.4226862E+00  0.4196752E+00  0.3696508E+00  0.3981607E+00
 0.4000000E+00  0.2454711E-12  0.4074259E+00  0.3882403E+00  0.3711582E+00  0.4099938E+00  0.4257296E+00  0.3806150E+00  0.3973762E+00
 0.4000000E+00  0.2511884E-12  0.4034177E+00  0.3912221E+00  0.3713921E+00  0.3958245E+00  0.4224120E+00  0.3940901E+00  0.3956181E+00
 0.4000000E+00  0.2570395E-12  0.3992354E+00  0.3935936E+00  0.3742909E+00  0.3822374E+00  0.4112521E+00  0.4015568E+00  0.3922540E+00
 0.4000000E+00  0.2630269E-12  0.3948869E+00  0.3951152E+00  0.3788521E+00  0.3710384E+00  0.3959025E+00  0.3979405E+00  0.3873780E+00
 0.4000000E+00  0.2691537E-12  0.3903961E+00  0.3956153E+00  0.3838952E+00  0.3632541E+00  0.3807084E+00  0.3807716E+00  0.3813686E+00
 0.4000000E+00  0.2754226E-12  0.3857953E+00  0.3949910E+00  0.3882212E+00  0.3591198E+00  0.3695881E+00  0.3535378E+00  0.3751465E+00
 0.4000000E+00  0.2818382E-12  0.3811047E+00  0.3932174E+00  0.3907987E+00  0.3581226E+00  0.3641194E+00  0.3233623E+00  0.3695752E+00
 0.4000000E+00  0.2884032E-12  0.3763640E+00  0.3903645E+00  0.3909413E+00  0.3592356E+00  0.3641636E+00  0.2997162E+00  0.3656150E+00
 0.4000000E+00  0.2951211E-12  0.3715945E+00  0.3865833E+00  0.3884396E+00  0.3610356E+00  0.3670464E+00  0.2912486E+00  0.3636252E+00
 0.4000000E+00  0.3019949E-12  0.3668379E+00  0.3821057E+00  0.3836266E+00  0.3623529E+00  0.3691374E+00  0.2995202E+00  0.3630450E+00
 0.4000000E+00  0.3090294E-12  0.3621306E+00  0.3772379E+00  0.3773383E+00  0.3629742E+00  0.3678714E+00  0.3209247E+00  0.3631642E+00
 0.4000000E+00  0.3162278E-12  0.3575115E+00  0.3723212E+00  0.3707635E+00  0.3630158E+00  0.3636187E+00  0.3470840E+00  0.3632181E+00
 0.4000000E+00  0.3235938E-12  0.3530105E+00  0.3677148E+00  0.3652225E+00  0.3631756E+00  0.3583988E+00  0.3677433E+00  0.3626824E+00
 0.4000000E+00  0.3311315E-12  0.3486718E+00  0.3637584E+00  0.3618005E+00  0.3641765E+00  0.3551873E+00  0.3793952E+00  0.3620030E+00
 0.4000000E+00  0.3388439E-12  0.3445354E+00  0.3607356E+00  0.3611793E+00  0.3662933E+00  0.3550044E+00  0.3823792E+00  0.3616422E+00
 0.4000000E+00  0.3467368E-12  0.3406290E+00  0.3588384E+00  0.3632702E+00  0.3689039E+00  0.3563116E+00  0.3817403E+00  0.3619030E+00
 0.4000000E+00  0.3548135E-12  0.3369897E+00  0.3581357E+00  0.3672061E+00  0.3702294E+00  0.3557934E+00  0.3826081E+00  0.3623770E+00
 0.4000000E+00  0.3630784E-12  0.3336434E+00  0.3585599E+00  0.3714903E+00  0.3681531E+00  0.3515989E+00  0.3848491E+00  0.3619985E+00
 0.4000000E+00  0.3715350E-12  0.3306177E+00  0.3598976E+00  0.3743608E+00  0.3616948E+00  0.3443034E+00  0.3863025E+00  0.3599623E+00
 0.4000000E+00  0.3801893E-12  0.3279283E+00  0.3618065E+00  0.3742624E+00  0.3523498E+00  0.3378031E+00  0.3825428E+00  0.3563345E+00
 0.4000000E+00  0.3890453E-12  0.3255930E+00  0.3638466E+00  0.3701875E+00  0.3433430E+00  0.3370470E+00  0.3762892E+00  0.3526802E+00
 0.4000000E+00  0.3981075E-12  0.3236074E+00  0.3655284E+00  0.3625907E+00  0.3380860E+00  0.3431777E+00  0.3710273E+00  0.3504385E+00
 0.4000000E+00  0.4073800E-12  0.3219710E+00  0.3663800E+00  0.3528568E+00  0.3387099E+00  0.3514405E+00  0.3692744E+00  0.3497236E+00
 0.4000000E+00  0.4168693E-12  0.3206736E+00  0.3660260E+00  0.3432894E+00  0.3450801E+00  0.3540135E+00  0.3678493E+00  0.3491807E+00
 0.4000000E+00  0.4265796E-12  0.3196925E+00  0.3642336E+00  0.3361240E+00  0.3544399E+00  0.3468947E+00  0.3604608E+00  0.3471217E+00
 0.4000000E+00  0.4365162E-12  0.3189964E+00  0.3609825E+00  0.3330888E+00  0.3615723E+00  0.3345550E+00  0.3449700E+00  0.3432588E+00
 0.4000000E+00  0.4466832E-12  0.3185491E+00  0.3564762E+00  0.3346862E+00  0.3621969E+00  0.3259253E+00  0.3279514E+00  0.3392223E+00
 0.4000000E+00  0.4570880E-12  0.3182974E+00  0.3511239E+00  0.3399026E+00  0.3552013E+00  0.3280340E+00  0.3185102E+00  0.3370362E+00
 0.4000000E+00  0.4677352E-12  0.3181940E+00  0.3454953E+00  0.3463593E+00  0.3440515E+00  0.3384641E+00  0.3180637E+00  0.3368182E+00
 0.4000000E+00  0.4786304E-12  0.3181793E+00  0.3402135E+00  0.3512740E+00  0.3346654E+00  0.3458332E+00  0.3196947E+00  0.3364668E+00
 0.4000000E+00  0.4897784E-12  0.3181897E+00  0.3358606E+00  0.3523619E+00  0.3315605E+00  0.3420038E+00  0.3187201E+00  0.3345852E+00
 0.4000000E+00  0.5011870E-12  0.3181667E+00  0.3328257E+00  0.3489716E+00  0.3350993E+00  0.3320090E+00  0.3177892E+00  0.3323547E+00
 0.4000000E+00  0.5128615E-12  0.3180509E+00  0.3312540E+00  0.3424402E+00  0.3414003E+00  0.3265801E+00  0.3206858E+00  0.3315720E+00
 0.4000000E+00  0.5248078E-12  0.3177944E+00  0.3309514E+00  0.3355316E+00  0.3449100E+00  0.3305351E+00  0.3233259E+00  0.3318706E+00
 0.4000000E+00  0.5370312E-12  0.3173452E+00  0.3314149E+00  0.3311673E+00  0.3426092E+00  0.3378534E+00  0.3245146E+00  0.3319448E+00
 0.4000000E+00  0.5495406E-12  0.3166746E+00  0.3319644E+00  0.3305931E+00  0.3367617E+00  0.3383919E+00  0.3308342E+00  0.3315368E+00
 0.4000000E+00  0.5623414E-12  0.3157705E+00  0.3319784E+00  0.3326391E+00  0.3316452E+00  0.3323704E+00  0.3460186E+00  0.3317540E+00
 0.4000000E+00  0.5754402E-12  0.3146254E+00  0.3310371E+00  0.3346003E+00  0.3293945E+00  0.3278690E+00  0.3540055E+00  0.3316483E+00
 0.4000000E+00  0.5888443E-12  0.3132565E+00  0.3292542E+00  0.3343707E+00  0.3290426E+00  0.3285015E+00  0.3410023E+00  0.3294562E+00
 0.4000000E+00  0.6025592E-12  0.3116981E+00  0.3269533E+00  0.3317828E+00  0.3287894E+00  0.3302680E+00  0.3276164E+00  0.3268501E+00
 0.4000000E+00  0.6165949E-12  0.3100008E+00  0.3245150E+00  0.3283694E+00  0.3283828E+00  0.3301547E+00  0.3336903E+00  0.3262655E+00
 0.4000000E+00  0.6309576E-12  0.3082244E+00  0.3222880E+00  0.3264698E+00  0.3289302E+00  0.3310983E+00  0.3400897E+00  0.3264078E+00
 0.4000000E+00  0.6456549E-12  0.3064432E+00  0.3206567E+00  0.3275216E+00  0.3299417E+00  0.3319961E+00  0.3226497E+00  0.3241734E+00
 0.4000000E+00  0.6606930E-12  0.3047346E+00  0.3201287E+00  0.3301268E+00  0.3285765E+00  0.3278868E+00  0.3069543E+00  0.3213134E+00
 0.4000000E+00  0.6760828E-12  0.3031684E+00  0.3208552E+00  0.3311283E+00  0.3232477E+00  0.3229488E+00  0.3166586E+00  0.3207488E+00
 0.4000000E+00  0.6918312E-12  0.3018081E+00  0.3222852E+00  0.3281787E+00  0.3184535E+00  0.3251869E+00  0.3236487E+00  0.3205105E+00
 0.4000000E+00  0.7079464E-12  0.3007017E+00  0.3234112E+00  0.3221122E+00  0.3200066E+00  0.3295037E+00  0.3141901E+00  0.3191471E+00
 0.4000000E+00  0.7244354E-12  0.2998781E+00  0.3233575E+00  0.3168779E+00  0.3257251E+00  0.3245591E+00  0.3171470E+00  0.3187336E+00
 0.4000000E+00  0.7413101E-12  0.2993338E+00  0.3217698E+00  0.3161638E+00  0.3274623E+00  0.3188879E+00  0.3273487E+00  0.3190270E+00
 0.4000000E+00  0.7585778E-12  0.2990417E+00  0.3189683E+00  0.3195216E+00  0.3219704E+00  0.3231986E+00  0.3250974E+00  0.3185074E+00
 0.4000000E+00  0.7762477E-12  0.2989523E+00  0.3157994E+00  0.3226399E+00  0.3160166E+00  0.3257809E+00  0.3279305E+00  0.3181866E+00
 0.4000000E+00  0.7943275E-12  0.2989830E+00  0.3130956E+00  0.3216317E+00  0.3169086E+00  0.3183123E+00  0.3319545E+00  0.3170288E+00
 0.4000000E+00  0.8128302E-12  0.2990548E+00  0.3114767E+00  0.3174272E+00  0.3208005E+00  0.3156224E+00  0.3244429E+00  0.3153165E+00
 0.4000000E+00  0.8317639E-12  0.2990732E+00  0.3111059E+00  0.3141725E+00  0.3208066E+00  0.3196244E+00  0.3226991E+00  0.3150672E+00
 0.4000000E+00  0.8511387E-12  0.2989540E+00  0.3114172E+00  0.3140508E+00  0.3175084E+00  0.3174119E+00  0.3193604E+00  0.3135678E+00
 0.4000000E+00  0.8709628E-12  0.2986501E+00  0.3114796E+00  0.3150792E+00  0.3156086E+00  0.3148207E+00  0.3116569E+00  0.3118793E+00
 0.4000000E+00  0.8912506E-12  0.2981268E+00  0.3105223E+00  0.3143515E+00  0.3150488E+00  0.3150787E+00  0.3118985E+00  0.3114724E+00
 0.4000000E+00  0.9120109E-12  0.2973970E+00  0.3086386E+00  0.3120921E+00  0.3147644E+00  0.3132575E+00  0.3143649E+00  0.3105911E+00
 0.4000000E+00  0.9332549E-12  0.2965080E+00  0.3068661E+00  0.3118227E+00  0.3156106E+00  0.3132358E+00  0.3168397E+00  0.3106487E+00
 0.4000000E+00  0.9549916E-12  0.2955469E+00  0.3062173E+00  0.3137107E+00  0.3147209E+00  0.3114570E+00  0.3155196E+00  0.3101198E+00
 0.4000000E+00  0.9772367E-12  0.2946029E+00  0.3066653E+00  0.3137200E+00  0.3107069E+00  0.3102851E+00  0.3210114E+00  0.3097514E+00
 0.4000000E+00  0.1000000E-11  0.2937861E+00  0.3073940E+00  0.3105581E+00  0.3104345E+00  0.3131228E+00  0.3167067E+00  0.3089858E+00
 0.4000000E+00  0.1047130E-11  0.2928087E+00  0.3064160E+00  0.3086473E+00  0.3114102E+00  0.3092473E+00  0.3142968E+00  0.3075500E+00
 0.4000000E+00  0.1096478E-11  0.2927131E+00  0.3029031E+00  0.3092629E+00  0.3090840E+00  0.3074068E+00  0.3090412E+00  0.3056206E+00
 0.4000000E+00  0.1148155E-11  0.2927777E+00  0.3022134E+00  0.3063471E+00  0.3073143E+00  0.3088910E+00  0.3106113E+00  0.3050432E+00
 0.4000000E+00  0.1202264E-11  0.2924875E+00  0.3007295E+00  0.3050484E+00  0.3056244E+00  0.3082971E+00  0.3106230E+00  0.3040673E+00
 0.4000000E+00  0.1258927E-11  0.2915618E+00  0.2990389E+00  0.3059948E+00  0.3045876E+00  0.3065578E+00  0.3052014E+00  0.3026326E+00
 0.4000000E+00  0.1318256E-11  0.2904687E+00  0.2997038E+00  0.3019722E+00  0.3053845E+00  0.3052246E+00  0.3040737E+00  0.3015761E+00
 0.4000000E+00  0.1380385E-11  0.2901166E+00  0.2974639E+00  0.3034048E+00  0.3024743E+00  0.3043187E+00  0.3074711E+00  0.3011608E+00
 0.4000000E+00  0.1445439E-11  0.2901949E+00  0.2967426E+00  0.3009378E+00  0.3028620E+00  0.3026974E+00  0.3061556E+00  0.3002084E+00
 0.4000000E+00  0.1513562E-11  0.2900715E+00  0.2953145E+00  0.2990315E+00  0.3030305E+00  0.3021053E+00  0.3030437E+00  0.2991123E+00
 0.4000000E+00  0.1584892E-11  0.2894455E+00  0.2948482E+00  0.2992119E+00  0.3008900E+00  0.3009861E+00  0.3046797E+00  0.2985698E+00
 0.4000000E+00  0.1659588E-11  0.2889169E+00  0.2942192E+00  0.2989701E+00  0.2994393E+00  0.2997535E+00  0.3022358E+00  0.2975141E+00
 0.4000000E+00  0.1737800E-11  0.2889529E+00  0.2933061E+00  0.2976918E+00  0.2990302E+00  0.2990103E+00  0.3013621E+00  0.2967996E+00
 0.4000000E+00  0.1819702E-11  0.2888957E+00  0.2921417E+00  0.2964520E+00  0.2989015E+00  0.2990203E+00  0.2995448E+00  0.2961062E+00
 0.4000000E+00  0.1905460E-11  0.2884391E+00  0.2922011E+00  0.2953159E+00  0.2981623E+00  0.2979716E+00  0.2976171E+00  0.2952329E+00
 0.4000000E+00  0.1995263E-11  0.2882107E+00  0.2911682E+00  0.2951913E+00  0.2970104E+00  0.2985863E+00  0.2972611E+00  0.2948380E+00
 0.4000000E+00  0.2089295E-11  0.2882454E+00  0.2908254E+00  0.2941466E+00  0.2961273E+00  0.2979074E+00  0.2955543E+00  0.2940569E+00
 0.4000000E+00  0.2187762E-11  0.2879907E+00  0.2904431E+00  0.2934102E+00  0.2959094E+00  0.2965352E+00  0.2971002E+00  0.2937422E+00
 0.4000000E+00  0.2290866E-11  0.2877150E+00  0.2897593E+00  0.2931425E+00  0.2947835E+00  0.2964226E+00  0.2956273E+00  0.2931010E+00
 0.4000000E+00  0.2398834E-11  0.2877423E+00  0.2893569E+00  0.2925314E+00  0.2941410E+00  0.2956189E+00  0.2969223E+00  0.2928205E+00
 0.4000000E+00  0.2511884E-11  0.2874935E+00  0.2893102E+00  0.2919636E+00  0.2935495E+00  0.2948380E+00  0.2956688E+00  0.2922449E+00
 0.4000000E+00  0.2630268E-11  0.2873595E+00  0.2888967E+00  0.2917475E+00  0.2931629E+00  0.2938480E+00  0.2952656E+00  0.2918213E+00
 0.4000000E+00  0.2754226E-11  0.2873336E+00  0.2884193E+00  0.2910955E+00  0.2926884E+00  0.2934875E+00  0.2942454E+00  0.2913178E+00
 0.4000000E+00  0.2884032E-11  0.2870764E+00  0.2882866E+00  0.2902021E+00  0.2923447E+00  0.2929823E+00  0.2933989E+00  0.2908159E+00
 0.4000000E+00  0.3019948E-11  0.2871234E+00  0.2879393E+00  0.2901697E+00  0.2914761E+00  0.2924096E+00  0.2934450E+00  0.2904904E+00
 0.4000000E+00  0.3162278E-11  0.2869438E+00  0.2878399E+00  0.2895795E+00  0.2912412E+00  0.2919033E+00  0.2928851E+00  0.2901239E+00
 0.4000000E+00  0.3311315E-11  0.2869736E+00  0.2875915E+00  0.2894099E+00  0.2906077E+00  0.2916801E+00  0.2922474E+00  0.2898017E+00
 0.4000000E+00  0.3630784E-11  0.2869309E+00  0.2872490E+00  0.2886273E+00  0.2898455E+00  0.2910764E+00  0.2910262E+00  0.2891667E+00
 0.4000000E+00  0.3981075E-11  0.2869697E+00  0.2869513E+00  0.2879176E+00  0.2890871E+00  0.2902392E+00  0.2910494E+00  0.2886884E+00
 0.4000000E+00  0.4365162E-11  0.2870375E+00  0.2865903E+00  0.2874984E+00  0.2886084E+00  0.2895408E+00  0.2900695E+00  0.2882093E+00
 0.4000000E+00  0.4786304E-11  0.2870987E+00  0.2862889E+00  0.2872635E+00  0.2879456E+00  0.2887993E+00  0.2894544E+00  0.2877812E+00
 0.4000000E+00  0.5248078E-11  0.2871411E+00  0.2860149E+00  0.2870040E+00  0.2874831E+00  0.2882470E+00  0.2890388E+00  0.2874466E+00
 0.4000000E+00  0.5754403E-11  0.2871464E+00  0.2858424E+00  0.2868002E+00  0.2871403E+00  0.2879688E+00  0.2882243E+00  0.2871556E+00
 0.4000000E+00  0.6309576E-11  0.2871515E+00  0.2856324E+00  0.2866660E+00  0.2868581E+00  0.2873722E+00  0.2877956E+00  0.2868801E+00
 0.4000000E+00  0.6918312E-11  0.2871537E+00  0.2855038E+00  0.2865580E+00  0.2866592E+00  0.2870282E+00  0.2876416E+00  0.2867197E+00
 0.4000000E+00  0.7585777E-11  0.2870733E+00  0.2855017E+00  0.2864296E+00  0.2865148E+00  0.2867846E+00  0.2871561E+00  0.2865481E+00
 0.4000000E+00  0.8317639E-11  0.2868722E+00  0.2856940E+00  0.2862071E+00  0.2864573E+00  0.2865700E+00  0.2868315E+00  0.2864157E+00
 0.4000000E+00  0.9120109E-11  0.2866575E+00  0.2859495E+00  0.2859432E+00  0.2863688E+00  0.2864175E+00  0.2865822E+00  0.2862957E+00
 0.4000000E+00  0.1000000E-10  0.2865012E+00  0.2861967E+00  0.2857024E+00  0.2863025E+00  0.2862826E+00  0.2864809E+00  0.2862150E+00
