 0.00000E+00 0.43415E-04 0.68293E-04 0.17805E-04 0.21342E-03 0.53415E-03 0.34878E-03 0.45610E-03 0.50244E-03
 0.82000E-03 0.36305E-02 0.57305E-02 0.15009E-02 0.17809E-01 0.44329E-01 0.28615E-01 0.37634E-01 0.41256E-01
 0.16400E-02 0.87232E-02 0.13765E-01 0.36073E-02 0.42768E-01 0.10638E+00 0.68659E-01 0.90305E-01 0.99000E-01
 0.24600E-02 0.16980E-01 0.26790E-01 0.70244E-02 0.83195E-01 0.20676E+00 0.13355E+00 0.17566E+00 0.19259E+00
 0.32800E-02 0.27976E-01 0.44146E-01 0.11583E-01 0.13695E+00 0.34000E+00 0.21971E+00 0.28902E+00 0.31683E+00
 0.41000E-02 0.41732E-01 0.65805E-01 0.17285E-01 0.20395E+00 0.50561E+00 0.32683E+00 0.42988E+00 0.47134E+00
 0.49200E-02 0.58195E-01 0.91756E-01 0.24126E-01 0.28402E+00 0.70280E+00 0.45439E+00 0.59768E+00 0.65524E+00
 0.57400E-02 0.77402E-01 0.12196E+00 0.32122E-01 0.37707E+00 0.93110E+00 0.60207E+00 0.79183E+00 0.86793E+00
 0.65600E-02 0.99305E-01 0.15640E+00 0.41268E-01 0.48268E+00 0.11893E+01 0.76902E+00 0.10117E+01 0.11087E+01
 0.73800E-02 0.12393E+00 0.19506E+00 0.51573E-01 0.60085E+00 0.14765E+01 0.95500E+00 0.12561E+01 0.13763E+01
 0.82000E-02 0.15123E+00 0.23784E+00 0.63024E-01 0.73122E+00 0.17915E+01 0.11590E+01 0.15245E+01 0.16700E+01
 0.90200E-02 0.18122E+00 0.28488E+00 0.75646E-01 0.87366E+00 0.21333E+01 0.13804E+01 0.18156E+01 0.19885E+01
 0.98400E-02 0.21385E+00 0.33598E+00 0.89427E-01 0.10276E+01 0.25004E+01 0.16182E+01 0.21284E+01 0.23306E+01
 0.10660E-01 0.24913E+00 0.39085E+00 0.10439E+00 0.11928E+01 0.28915E+01 0.18716E+01 0.24624E+01 0.26939E+01
 0.11480E-01 0.28707E+00 0.45012E+00 0.12052E+00 0.13690E+01 0.33037E+01 0.21396E+01 0.28146E+01 0.30793E+01
 0.12300E-01 0.33197E+00 0.51995E+00 0.13970E+00 0.15766E+01 0.37879E+01 0.24534E+01 0.32281E+01 0.35308E+01
 0.13120E-01 0.37115E+00 0.58072E+00 0.15657E+00 0.17551E+01 0.41971E+01 0.27195E+01 0.35768E+01 0.39126E+01
 0.13940E-01 0.41680E+00 0.65150E+00 0.17630E+00 0.19618E+01 0.46668E+01 0.30258E+01 0.39782E+01 0.43505E+01
 0.14760E-01 0.46500E+00 0.72593E+00 0.19720E+00 0.21778E+01 0.51536E+01 0.33405E+01 0.43954E+01 0.48032E+01
 0.15580E-01 0.51564E+00 0.80415E+00 0.21931E+00 0.24022E+01 0.56537E+01 0.36675E+01 0.48236E+01 0.52691E+01
 0.16400E-01 0.56883E+00 0.88577E+00 0.24262E+00 0.26358E+01 0.61648E+01 0.40004E+01 0.52627E+01 0.57461E+01
 0.17220E-01 0.62435E+00 0.97106E+00 0.26714E+00 0.28761E+01 0.66869E+01 0.43408E+01 0.57104E+01 0.62328E+01
 0.18040E-01 0.68243E+00 0.10599E+01 0.29300E+00 0.31250E+01 0.72150E+01 0.46872E+01 0.61641E+01 0.67256E+01
 0.18860E-01 0.74270E+00 0.11519E+01 0.31985E+00 0.33800E+01 0.77504E+01 0.50384E+01 0.66264E+01 0.72244E+01
 0.19680E-01 0.80554E+00 0.12473E+01 0.34803E+00 0.36411E+01 0.82895E+01 0.53909E+01 0.70911E+01 0.77281E+01
 0.20500E-01 0.87044E+00 0.13457E+01 0.37756E+00 0.39069E+01 0.88298E+01 0.57470E+01 0.75594E+01 0.82330E+01
 0.21320E-01 0.93766E+00 0.14475E+01 0.40819E+00 0.41789E+01 0.93712E+01 0.61031E+01 0.80277E+01 0.87379E+01
 0.22140E-01 0.10072E+01 0.15519E+01 0.44015E+00 0.44558E+01 0.99103E+01 0.64592E+01 0.84960E+01 0.92415E+01
 0.22960E-01 0.10788E+01 0.16595E+01 0.47321E+00 0.47363E+01 0.10444E+02 0.68140E+01 0.89629E+01 0.97426E+01
 0.23780E-01 0.11525E+01 0.17696E+01 0.50775E+00 0.50194E+01 0.10975E+02 0.71664E+01 0.94264E+01 0.10239E+02
 0.24600E-01 0.12284E+01 0.18826E+01 0.54337E+00 0.53072E+01 0.11497E+02 0.75152E+01 0.98848E+01 0.10728E+02
 0.25420E-01 0.13063E+01 0.19980E+01 0.58034E+00 0.55950E+01 0.12009E+02 0.78578E+01 0.10337E+02 0.11208E+02
 0.26240E-01 0.13861E+01 0.21158E+01 0.61840E+00 0.58841E+01 0.12510E+02 0.81956E+01 0.10781E+02 0.11680E+02
 0.27060E-01 0.14678E+01 0.22361E+01 0.65781E+00 0.61755E+01 0.12997E+02 0.85272E+01 0.11215E+02 0.12140E+02
 0.27880E-01 0.15515E+01 0.23585E+01 0.69843E+00 0.64657E+01 0.13473E+02 0.88490E+01 0.11639E+02 0.12587E+02
 0.28700E-01 0.16370E+01 0.24832E+01 0.74039E+00 0.67572E+01 0.13931E+02 0.91623E+01 0.12052E+02 0.13021E+02
 0.29520E-01 0.17241E+01 0.26089E+01 0.78346E+00 0.70462E+01 0.14372E+02 0.94671E+01 0.12452E+02 0.13439E+02
 0.30340E-01 0.18130E+01 0.27381E+01 0.82786E+00 0.73364E+01 0.14794E+02 0.97608E+01 0.12839E+02 0.13841E+02
 0.31160E-01 0.19035E+01 0.28687E+01 0.87349E+00 0.76218E+01 0.15197E+02 0.10044E+02 0.13212E+02 0.14225E+02
 0.31980E-01 0.19956E+01 0.30004E+01 0.92034E+00 0.79059E+01 0.15580E+02 0.10314E+02 0.13568E+02 0.14591E+02
 0.32800E-01 0.20893E+01 0.31321E+01 0.96840E+00 0.81864E+01 0.15940E+02 0.10573E+02 0.13906E+02 0.14939E+02
 0.33620E-01 0.21842E+01 0.32675E+01 0.10177E+01 0.84632E+01 0.16276E+02 0.10817E+02 0.14228E+02 0.15265E+02
 0.34440E-01 0.22806E+01 0.34017E+01 0.10682E+01 0.87362E+01 0.16590E+02 0.11049E+02 0.14534E+02 0.15571E+02
 0.35260E-01 0.23783E+01 0.35383E+01 0.11198E+01 0.90032E+01 0.16879E+02 0.11266E+02 0.14819E+02 0.15855E+02
 0.36080E-01 0.24768E+01 0.36773E+01 0.11727E+01 0.92666E+01 0.17143E+02 0.11468E+02 0.15087E+02 0.16116E+02
 0.36900E-01 0.25768E+01 0.38151E+01 0.12266E+01 0.95226E+01 0.17381E+02 0.11657E+02 0.15333E+02 0.16355E+02
 0.37720E-01 0.27093E+01 0.39989E+01 0.12967E+01 0.98869E+01 0.17796E+02 0.11965E+02 0.15738E+02 0.16761E+02
 0.38540E-01 0.27818E+01 0.40949E+01 0.13387E+01 0.10022E+02 0.17783E+02 0.11988E+02 0.15768E+02 0.16767E+02
 0.39360E-01 0.28842E+01 0.42339E+01 0.13962E+01 0.10257E+02 0.17943E+02 0.12130E+02 0.15956E+02 0.16937E+02
 0.40180E-01 0.29891E+01 0.43754E+01 0.14547E+01 0.10487E+02 0.18077E+02 0.12255E+02 0.16121E+02 0.17084E+02
 0.41000E-01 0.30928E+01 0.45144E+01 0.15143E+01 0.10709E+02 0.18184E+02 0.12366E+02 0.16267E+02 0.17206E+02
 0.41820E-01 0.31988E+01 0.46546E+01 0.15750E+01 0.10923E+02 0.18265E+02 0.12461E+02 0.16389E+02 0.17305E+02
 0.42640E-01 0.33051E+01 0.47949E+01 0.16365E+01 0.11128E+02 0.18319E+02 0.12538E+02 0.16494E+02 0.17381E+02
 0.43460E-01 0.34124E+01 0.49339E+01 0.16994E+01 0.11324E+02 0.18349E+02 0.12601E+02 0.16576E+02 0.17436E+02
 0.44280E-01 0.35173E+01 0.50730E+01 0.17629E+01 0.11512E+02 0.18352E+02 0.12649E+02 0.16639E+02 0.17465E+02
 0.45100E-01 0.36246E+01 0.52106E+01 0.18276E+01 0.11688E+02 0.18332E+02 0.12681E+02 0.16681E+02 0.17474E+02
 0.45920E-01 0.37343E+01 0.53497E+01 0.18932E+01 0.11858E+02 0.18289E+02 0.12698E+02 0.16704E+02 0.17462E+02
 0.46740E-01 0.38416E+01 0.54863E+01 0.19596E+01 0.12016E+02 0.18220E+02 0.12701E+02 0.16708E+02 0.17427E+02
 0.47560E-01 0.39490E+01 0.56215E+01 0.20269E+01 0.12165E+02 0.18128E+02 0.12690E+02 0.16691E+02 0.17372E+02
 0.48380E-01 0.40563E+01 0.57557E+01 0.20948E+01 0.12302E+02 0.18013E+02 0.12663E+02 0.16656E+02 0.17295E+02
 0.49200E-01 0.41636E+01 0.58898E+01 0.21639E+01 0.12431E+02 0.17879E+02 0.12625E+02 0.16606E+02 0.17201E+02
 0.50020E-01 0.42734E+01 0.60215E+01 0.22337E+01 0.12549E+02 0.17723E+02 0.12570E+02 0.16535E+02 0.17089E+02
 0.50840E-01 0.43807E+01 0.61519E+01 0.23042E+01 0.12657E+02 0.17549E+02 0.12506E+02 0.16450E+02 0.16956E+02
 0.51660E-01 0.44880E+01 0.62811E+01 0.23753E+01 0.12755E+02 0.17355E+02 0.12426E+02 0.16347E+02 0.16808E+02
 0.52480E-01 0.45939E+01 0.64079E+01 0.24471E+01 0.12841E+02 0.17145E+02 0.12337E+02 0.16229E+02 0.16643E+02
 0.53300E-01 0.47002E+01 0.65324E+01 0.25201E+01 0.12918E+02 0.16916E+02 0.12235E+02 0.16094E+02 0.16464E+02
 0.54120E-01 0.48062E+01 0.66568E+01 0.25932E+01 0.12984E+02 0.16674E+02 0.12124E+02 0.15947E+02 0.16270E+02
 0.54940E-01 0.49110E+01 0.67774E+01 0.26664E+01 0.13040E+02 0.16417E+02 0.12002E+02 0.15787E+02 0.16061E+02
 0.55760E-01 0.50159E+01 0.68955E+01 0.27396E+01 0.13084E+02 0.16146E+02 0.11867E+02 0.15611E+02 0.15837E+02
 0.56580E-01 0.51208E+01 0.70137E+01 0.28152E+01 0.13120E+02 0.15862E+02 0.11726E+02 0.15426E+02 0.15605E+02
 0.57400E-01 0.52232E+01 0.71283E+01 0.28897E+01 0.13144E+02 0.15568E+02 0.11577E+02 0.15229E+02 0.15360E+02
 0.58220E-01 0.53243E+01 0.72405E+01 0.29653E+01 0.13159E+02 0.15262E+02 0.11418E+02 0.15019E+02 0.15103E+02
 0.59040E-01 0.54257E+01 0.73490E+01 0.30409E+01 0.13166E+02 0.14947E+02 0.11252E+02 0.14802E+02 0.14839E+02
 0.59860E-01 0.55257E+01 0.74563E+01 0.31165E+01 0.13161E+02 0.14625E+02 0.11079E+02 0.14574E+02 0.14565E+02
 0.60680E-01 0.56243E+01 0.75598E+01 0.31921E+01 0.13146E+02 0.14295E+02 0.10899E+02 0.14338E+02 0.14284E+02
 0.61500E-01 0.57219E+01 0.76623E+01 0.32689E+01 0.13124E+02 0.13960E+02 0.10714E+02 0.14094E+02 0.13997E+02
 0.62320E-01 0.58995E+01 0.78693E+01 0.33928E+01 0.13273E+02 0.13805E+02 0.10667E+02 0.14033E+02 0.13892E+02
 0.63140E-01 0.59144E+01 0.78559E+01 0.34224E+01 0.13051E+02 0.13269E+02 0.10325E+02 0.13582E+02 0.13401E+02
 0.63960E-01 0.60070E+01 0.79495E+01 0.35004E+01 0.12999E+02 0.12921E+02 0.10126E+02 0.13320E+02 0.13097E+02
 0.64780E-01 0.60998E+01 0.80388E+01 0.35760E+01 0.12942E+02 0.12570E+02 0.99218E+01 0.13051E+02 0.12790E+02
 0.65600E-01 0.61885E+01 0.81251E+01 0.36541E+01 0.12875E+02 0.12217E+02 0.97130E+01 0.12779E+02 0.12479E+02
 0.66420E-01 0.62789E+01 0.82078E+01 0.37297E+01 0.12802E+02 0.11865E+02 0.95044E+01 0.12503E+02 0.12167E+02
 0.67240E-01 0.63642E+01 0.82882E+01 0.38063E+01 0.12719E+02 0.11511E+02 0.92921E+01 0.12224E+02 0.11853E+02
 0.68060E-01 0.64506E+01 0.83639E+01 0.38834E+01 0.12631E+02 0.11158E+02 0.90776E+01 0.11943E+02 0.11540E+02
 0.68880E-01 0.65335E+01 0.84380E+01 0.39589E+01 0.12534E+02 0.10808E+02 0.88629E+01 0.11660E+02 0.11224E+02
 0.69700E-01 0.66151E+01 0.85074E+01 0.40346E+01 0.12432E+02 0.10459E+02 0.86458E+01 0.11375E+02 0.10911E+02
 0.70520E-01 0.66955E+01 0.85742E+01 0.41102E+01 0.12321E+02 0.10113E+02 0.84287E+01 0.11090E+02 0.10596E+02
 0.71340E-01 0.67736E+01 0.86377E+01 0.41844E+01 0.12208E+02 0.97705E+01 0.82117E+01 0.10804E+02 0.10285E+02
 0.72160E-01 0.68492E+01 0.86972E+01 0.42600E+01 0.12086E+02 0.94328E+01 0.79956E+01 0.10519E+02 0.99753E+01
 0.72980E-01 0.69234E+01 0.87533E+01 0.43345E+01 0.11960E+02 0.90976E+01 0.77785E+01 0.10235E+02 0.96680E+01
 0.73800E-01 0.69942E+01 0.88057E+01 0.44088E+01 0.11827E+02 0.87674E+01 0.75629E+01 0.99507E+01 0.93622E+01
 0.74620E-01 0.70634E+01 0.88554E+01 0.44819E+01 0.11691E+02 0.84443E+01 0.73506E+01 0.96701E+01 0.90621E+01
 0.75440E-01 0.71318E+01 0.89004E+01 0.45551E+01 0.11548E+02 0.81262E+01 0.71375E+01 0.93911E+01 0.87649E+01
 0.76260E-01 0.71962E+01 0.89428E+01 0.46258E+01 0.11403E+02 0.78129E+01 0.69263E+01 0.91129E+01 0.84722E+01
 0.77080E-01 0.72597E+01 0.89820E+01 0.46976E+01 0.11254E+02 0.75071E+01 0.67180E+01 0.88388E+01 0.81834E+01
 0.77900E-01 0.73206E+01 0.90171E+01 0.47683E+01 0.11099E+02 0.72074E+01 0.65120E+01 0.85680E+01 0.78994E+01
 0.78720E-01 0.73802E+01 0.90499E+01 0.48391E+01 0.10943E+02 0.69151E+01 0.63072E+01 0.83002E+01 0.76204E+01
 0.79540E-01 0.74349E+01 0.90777E+01 0.49074E+01 0.10783E+02 0.66301E+01 0.61061E+01 0.80356E+01 0.73461E+01
 0.80360E-01 0.74886E+01 0.91032E+01 0.49757E+01 0.10621E+02 0.63521E+01 0.59086E+01 0.77747E+01 0.70782E+01
 0.81180E-01 0.75408E+01 0.91251E+01 0.50439E+01 0.10455E+02 0.60816E+01 0.57138E+01 0.75186E+01 0.68147E+01
 0.82000E-01 0.75896E+01 0.91433E+01 0.51109E+01 0.10288E+02 0.58186E+01 0.55211E+01 0.72678E+01 0.65590E+01
 0.82820E-01 0.76370E+01 0.91578E+01 0.51767E+01 0.10117E+02 0.55614E+01 0.53347E+01 0.70189E+01 0.63067E+01
 0.83640E-01 0.76808E+01 0.91686E+01 0.52425E+01 0.99461E+01 0.53130E+01 0.51493E+01 0.67764E+01 0.60618E+01
 0.84460E-01 0.77234E+01 0.91771E+01 0.53060E+01 0.97731E+01 0.50730E+01 0.49678E+01 0.65388E+01 0.58232E+01
 0.85280E-01 0.77634E+01 0.91818E+01 0.53694E+01 0.95984E+01 0.48416E+01 0.47911E+01 0.63050E+01 0.55904E+01
 0.86100E-01 0.78015E+01 0.91830E+01 0.54304E+01 0.94229E+01 0.46152E+01 0.46169E+01 0.60772E+01 0.53639E+01
 0.86920E-01 0.78366E+01 0.91815E+01 0.54913E+01 0.92472E+01 0.43970E+01 0.44486E+01 0.58541E+01 0.51433E+01
 0.87740E-01 0.79487E+01 0.92701E+01 0.56079E+01 0.91629E+01 0.42289E+01 0.43257E+01 0.56930E+01 0.49789E+01
 0.88560E-01 0.78989E+01 0.91678E+01 0.56101E+01 0.88924E+01 0.39841E+01 0.41202E+01 0.54227E+01 0.47192E+01
 0.89380E-01 0.79268E+01 0.91581E+01 0.56687E+01 0.87144E+01 0.37881E+01 0.39631E+01 0.52159E+01 0.45183E+01
 0.90200E-01 0.79511E+01 0.91429E+01 0.57233E+01 0.85377E+01 0.36007E+01 0.38085E+01 0.50134E+01 0.43236E+01
 0.91020E-01 0.79742E+01 0.91259E+01 0.57795E+01 0.83622E+01 0.34207E+01 0.36612E+01 0.48188E+01 0.41349E+01
 0.91840E-01 0.79936E+01 0.91063E+01 0.58331E+01 0.81841E+01 0.32465E+01 0.35148E+01 0.46275E+01 0.39524E+01
 0.92660E-01 0.80132E+01 0.90830E+01 0.58853E+01 0.80085E+01 0.30812E+01 0.33748E+01 0.44422E+01 0.37758E+01
 0.93480E-01 0.80287E+01 0.90571E+01 0.59365E+01 0.78343E+01 0.29216E+01 0.32372E+01 0.42622E+01 0.36065E+01
 0.94300E-01 0.80420E+01 0.90279E+01 0.59868E+01 0.76598E+01 0.27685E+01 0.31046E+01 0.40880E+01 0.34422E+01
 0.95120E-01 0.80517E+01 0.89971E+01 0.60351E+01 0.74865E+01 0.26221E+01 0.29767E+01 0.39187E+01 0.32826E+01
 0.95940E-01 0.80615E+01 0.89630E+01 0.60829E+01 0.73149E+01 0.24821E+01 0.28514E+01 0.37544E+01 0.31304E+01
 0.96760E-01 0.80673E+01 0.89273E+01 0.61277E+01 0.71441E+01 0.23485E+01 0.27309E+01 0.35973E+01 0.29831E+01
 0.97580E-01 0.80722E+01 0.88884E+01 0.61717E+01 0.69759E+01 0.22207E+01 0.26138E+01 0.34426E+01 0.28421E+01
 0.98400E-01 0.80732E+01 0.88454E+01 0.62155E+01 0.68090E+01 0.20987E+01 0.25021E+01 0.32953E+01 0.27055E+01
 0.99220E-01 0.80731E+01 0.88015E+01 0.62580E+01 0.66431E+01 0.19824E+01 0.23927E+01 0.31504E+01 0.25743E+01
 0.10004E+00 0.80693E+01 0.87562E+01 0.62971E+01 0.64797E+01 0.18714E+01 0.22874E+01 0.30129E+01 0.24491E+01
 0.10086E+00 0.80643E+01 0.87073E+01 0.63360E+01 0.63177E+01 0.17659E+01 0.21860E+01 0.28801E+01 0.23289E+01
 0.10168E+00 0.80581E+01 0.86562E+01 0.63736E+01 0.61583E+01 0.16653E+01 0.20880E+01 0.27499E+01 0.22134E+01
 0.10250E+00 0.80483E+01 0.86034E+01 0.64102E+01 0.59997E+01 0.15698E+01 0.19935E+01 0.26270E+01 0.21026E+01
 0.10332E+00 0.80371E+01 0.85484E+01 0.64444E+01 0.58451E+01 0.14788E+01 0.19026E+01 0.25065E+01 0.19965E+01
 0.10414E+00 0.80248E+01 0.84922E+01 0.64785E+01 0.56914E+01 0.13926E+01 0.18151E+01 0.23920E+01 0.18950E+01
 0.10496E+00 0.80088E+01 0.84323E+01 0.65102E+01 0.55402E+01 0.13107E+01 0.17310E+01 0.22812E+01 0.17979E+01
 0.10578E+00 0.79917E+01 0.83713E+01 0.65404E+01 0.53928E+01 0.12331E+01 0.16499E+01 0.21748E+01 0.17051E+01
 0.10660E+00 0.79723E+01 0.83094E+01 0.65683E+01 0.52465E+01 0.11596E+01 0.15721E+01 0.20724E+01 0.16163E+01
 0.10742E+00 0.79502E+01 0.82444E+01 0.65951E+01 0.51016E+01 0.10898E+01 0.14974E+01 0.19742E+01 0.15316E+01
 0.10824E+00 0.79269E+01 0.81787E+01 0.66220E+01 0.49617E+01 0.10238E+01 0.14258E+01 0.18799E+01 0.14505E+01
 0.10906E+00 0.79024E+01 0.81113E+01 0.66463E+01 0.48226E+01 0.96129E+00 0.13570E+01 0.17893E+01 0.13734E+01
 0.10988E+00 0.78756E+01 0.80430E+01 0.66682E+01 0.46860E+01 0.90231E+00 0.12910E+01 0.17027E+01 0.12998E+01
 0.11070E+00 0.78474E+01 0.79723E+01 0.66902E+01 0.45534E+01 0.84651E+00 0.12277E+01 0.16194E+01 0.12297E+01
 0.11152E+00 0.78156E+01 0.79000E+01 0.67107E+01 0.44216E+01 0.79381E+00 0.11671E+01 0.15398E+01 0.11629E+01
 0.11234E+00 0.79015E+01 0.79448E+01 0.68306E+01 0.43579E+01 0.75504E+00 0.11256E+01 0.14852E+01 0.11155E+01
 0.11316E+00 0.77504E+01 0.77514E+01 0.67460E+01 0.41655E+01 0.69663E+00 0.10530E+01 0.13897E+01 0.10380E+01
 0.11398E+00 0.77138E+01 0.76757E+01 0.67606E+01 0.40426E+01 0.65235E+00 0.99986E+00 0.13198E+01 0.98045E+00
 0.11480E+00 0.76771E+01 0.76001E+01 0.67752E+01 0.39221E+01 0.61067E+00 0.94916E+00 0.12531E+01 0.92575E+00
 0.11562E+00 0.76391E+01 0.75221E+01 0.67884E+01 0.38051E+01 0.57143E+00 0.90066E+00 0.11894E+01 0.87374E+00
 0.11644E+00 0.75976E+01 0.74425E+01 0.67981E+01 0.36895E+01 0.53453E+00 0.85442E+00 0.11284E+01 0.82449E+00
 0.11726E+00 0.75571E+01 0.73636E+01 0.68079E+01 0.35773E+01 0.49978E+00 0.81016E+00 0.10703E+01 0.77770E+00
 0.11808E+00 0.75131E+01 0.72830E+01 0.68176E+01 0.34666E+01 0.46706E+00 0.76798E+00 0.10147E+01 0.73332E+00
 0.11890E+00 0.74693E+01 0.72011E+01 0.68235E+01 0.33593E+01 0.43636E+00 0.72772E+00 0.96182E+00 0.69116E+00
 0.11972E+00 0.74238E+01 0.71196E+01 0.68308E+01 0.32535E+01 0.40754E+00 0.68929E+00 0.91135E+00 0.65103E+00
 0.12054E+00 0.73766E+01 0.70377E+01 0.68333E+01 0.31511E+01 0.38035E+00 0.65283E+00 0.86325E+00 0.61335E+00
 0.12136E+00 0.73287E+01 0.69532E+01 0.68366E+01 0.30511E+01 0.35495E+00 0.61792E+00 0.81751E+00 0.57737E+00
 0.12218E+00 0.72785E+01 0.68694E+01 0.68391E+01 0.29541E+01 0.33116E+00 0.58472E+00 0.77373E+00 0.54359E+00
 0.12300E+00 0.72287E+01 0.67849E+01 0.68390E+01 0.28590E+01 0.30878E+00 0.55313E+00 0.73229E+00 0.51136E+00
 0.12382E+00 0.71760E+01 0.67011E+01 0.68366E+01 0.27663E+01 0.28778E+00 0.52310E+00 0.69265E+00 0.48099E+00
 0.12464E+00 0.71238E+01 0.66157E+01 0.68341E+01 0.26776E+01 0.26823E+00 0.49452E+00 0.65506E+00 0.45233E+00
 0.12546E+00 0.70712E+01 0.65304E+01 0.68303E+01 0.25889E+01 0.24991E+00 0.46751E+00 0.61933E+00 0.42523E+00
 0.12628E+00 0.70149E+01 0.64433E+01 0.68252E+01 0.25034E+01 0.23264E+00 0.44186E+00 0.58529E+00 0.39958E+00
 0.12710E+00 0.69598E+01 0.63581E+01 0.68189E+01 0.24206E+01 0.21655E+00 0.41784E+00 0.55307E+00 0.37525E+00
 0.12792E+00 0.69028E+01 0.62727E+01 0.68116E+01 0.23397E+01 0.20150E+00 0.39513E+00 0.52245E+00 0.35253E+00
 0.12874E+00 0.68453E+01 0.61865E+01 0.68019E+01 0.22610E+01 0.18743E+00 0.37412E+00 0.49340E+00 0.33080E+00
 0.12956E+00 0.67866E+01 0.60994E+01 0.67920E+01 0.21845E+01 0.17428E+00 0.35496E+00 0.46565E+00 0.31061E+00
 0.13038E+00 0.67281E+01 0.60132E+01 0.67808E+01 0.21104E+01 0.16201E+00 0.33792E+00 0.43952E+00 0.29131E+00
 0.13120E+00 0.66681E+01 0.59264E+01 0.67687E+01 0.20384E+01 0.15054E+00 0.32347E+00 0.41461E+00 0.27332E+00
 0.13202E+00 0.66072E+01 0.58410E+01 0.67540E+01 0.19684E+01 0.13986E+00 0.31209E+00 0.39117E+00 0.25631E+00
 0.13284E+00 0.65460E+01 0.57546E+01 0.67393E+01 0.19003E+01 0.12987E+00 0.30452E+00 0.36878E+00 0.24022E+00
 0.13366E+00 0.64842E+01 0.56678E+01 0.67232E+01 0.18345E+01 0.12056E+00 0.30195E+00 0.34753E+00 0.22510E+00
 0.13448E+00 0.64218E+01 0.55825E+01 0.67062E+01 0.17704E+01 0.11190E+00 0.30563E+00 0.32759E+00 0.21089E+00
 0.13530E+00 0.63584E+01 0.54971E+01 0.66882E+01 0.17084E+01 0.10382E+00 0.31675E+00 0.30838E+00 0.19751E+00
 0.13612E+00 0.62948E+01 0.54116E+01 0.66695E+01 0.16481E+01 0.96284E-01 0.33749E+00 0.29039E+00 0.18492E+00
 0.13694E+00 0.62315E+01 0.53264E+01 0.66485E+01 0.15897E+01 0.89282E-01 0.36885E+00 0.27338E+00 0.17310E+00
 0.13776E+00 0.62229E+01 0.52889E+01 0.66858E+01 0.15465E+01 0.83455E-01 0.41765E+00 0.25938E+00 0.16336E+00
 0.13858E+00 0.61015E+01 0.51562E+01 0.66044E+01 0.14776E+01 0.76621E-01 0.47413E+00 0.24173E+00 0.15143E+00
 0.13940E+00 0.60364E+01 0.50731E+01 0.65798E+01 0.14246E+01 0.70989E-01 0.55084E+00 0.22719E+00 0.14162E+00
 0.14022E+00 0.59706E+01 0.49903E+01 0.65564E+01 0.13731E+01 0.65751E-01 0.64715E+00 0.21345E+00 0.13242E+00
 0.14104E+00 0.59048E+01 0.49074E+01 0.65312E+01 0.13235E+01 0.60877E-01 0.76401E+00 0.20040E+00 0.12378E+00
 0.14186E+00 0.58388E+01 0.48244E+01 0.65051E+01 0.12753E+01 0.56337E-01 0.90303E+00 0.18801E+00 0.11566E+00
 0.14268E+00 0.57730E+01 0.47415E+01 0.64783E+01 0.12286E+01 0.52139E-01 0.10645E+01 0.17626E+00 0.10807E+00
 0.14350E+00 0.57063E+01 0.46610E+01 0.64491E+01 0.11835E+01 0.48234E-01 0.12481E+01 0.16510E+00 0.10094E+00
 0.14432E+00 0.56405E+01 0.45797E+01 0.64215E+01 0.11400E+01 0.44622E-01 0.14557E+01 0.15451E+00 0.94270E-01
 0.14514E+00 0.55730E+01 0.44991E+01 0.63905E+01 0.10976E+01 0.41252E-01 0.16853E+01 0.14446E+00 0.88004E-01
 0.14596E+00 0.55072E+01 0.44195E+01 0.63613E+01 0.10569E+01 0.38136E-01 0.19359E+01 0.13492E+00 0.82131E-01
 0.14678E+00 0.54390E+01 0.43407E+01 0.63296E+01 0.10176E+01 0.35248E-01 0.22080E+01 0.12586E+00 0.76633E-01
 0.14760E+00 0.53731E+01 0.42626E+01 0.62979E+01 0.97933E+00 0.32555E-01 0.24949E+01 0.11727E+00 0.71490E-01
 0.14842E+00 0.53063E+01 0.41845E+01 0.62645E+01 0.94255E+00 0.30081E-01 0.27944E+01 0.10911E+00 0.66681E-01
 0.14924E+00 0.52389E+01 0.41089E+01 0.62304E+01 0.90710E+00 0.27778E-01 0.31058E+01 0.10139E+00 0.62167E-01
 0.15006E+00 0.51722E+01 0.40325E+01 0.61963E+01 0.87279E+00 0.25639E-01 0.34245E+01 0.94065E-01 0.57960E-01
 0.15088E+00 0.51047E+01 0.39568E+01 0.61621E+01 0.83967E+00 0.23670E-01 0.37430E+01 0.87149E-01 0.54014E-01
 0.15170E+00 0.50389E+01 0.38821E+01 0.61255E+01 0.80756E+00 0.21844E-01 0.40610E+01 0.80618E-01 0.50337E-01
 0.15252E+00 0.49730E+01 0.38081E+01 0.60898E+01 0.77665E+00 0.20155E-01 0.43741E+01 0.74460E-01 0.46888E-01
 0.15334E+00 0.49064E+01 0.37349E+01 0.60524E+01 0.74689E+00 0.18591E-01 0.46791E+01 0.68660E-01 0.43674E-01
 0.15416E+00 0.48404E+01 0.36632E+01 0.60141E+01 0.71816E+00 0.17144E-01 0.49686E+01 0.63208E-01 0.40663E-01
 0.15498E+00 0.47746E+01 0.35910E+01 0.59776E+01 0.69044E+00 0.15807E-01 0.52452E+01 0.58099E-01 0.37849E-01
 0.15580E+00 0.47088E+01 0.35218E+01 0.59386E+01 0.66368E+00 0.14572E-01 0.54999E+01 0.53307E-01 0.35229E-01
 0.15662E+00 0.46430E+01 0.34511E+01 0.58996E+01 0.63791E+00 0.13429E-01 0.57336E+01 0.48817E-01 0.32789E-01
 0.15744E+00 0.45779E+01 0.33828E+01 0.58589E+01 0.61293E+00 0.12375E-01 0.59435E+01 0.44642E-01 0.30510E-01
 0.15826E+00 0.45137E+01 0.33145E+01 0.58191E+01 0.58902E+00 0.11401E-01 0.61283E+01 0.40762E-01 0.28387E-01
 0.15908E+00 0.44478E+01 0.32478E+01 0.57786E+01 0.56592E+00 0.10502E-01 0.62864E+01 0.37149E-01 0.26394E-01
 0.15990E+00 0.43844E+01 0.31804E+01 0.57371E+01 0.54364E+00 0.96708E-02 0.64184E+01 0.33814E-01 0.24542E-01
 0.16072E+00 0.43209E+01 0.31161E+01 0.56955E+01 0.52224E+00 0.89042E-02 0.65210E+01 0.30721E-01 0.22816E-01
 0.16154E+00 0.42576E+01 0.30502E+01 0.56541E+01 0.50167E+00 0.81988E-02 0.65961E+01 0.27873E-01 0.21208E-01
 0.16236E+00 0.42623E+01 0.30353E+01 0.57034E+01 0.48949E+00 0.76646E-02 0.67558E+01 0.25649E-01 0.20021E-01
 0.16318E+00 0.41300E+01 0.29243E+01 0.55683E+01 0.46233E+00 0.69371E-02 0.66692E+01 0.22816E-01 0.18297E-01
 0.16400E+00 0.40665E+01 0.28616E+01 0.55242E+01 0.44394E+00 0.63834E-02 0.66657E+01 0.20617E-01 0.16998E-01
 0.16482E+00 0.40056E+01 0.28007E+01 0.54804E+01 0.42622E+00 0.58713E-02 0.66398E+01 0.18606E-01 0.15788E-01
 0.16564E+00 0.39438E+01 0.27414E+01 0.54382E+01 0.40916E+00 0.53999E-02 0.65918E+01 0.16773E-01 0.14662E-01
 0.16646E+00 0.38828E+01 0.26828E+01 0.53933E+01 0.39265E+00 0.49666E-02 0.65225E+01 0.15106E-01 0.13613E-01
 0.16728E+00 0.38218E+01 0.26243E+01 0.53487E+01 0.37696E+00 0.45659E-02 0.64331E+01 0.13592E-01 0.12639E-01
 0.16810E+00 0.37617E+01 0.25657E+01 0.53048E+01 0.36176E+00 0.41976E-02 0.63282E+01 0.12221E-01 0.11731E-01
 0.16892E+00 0.37024E+01 0.25097E+01 0.52609E+01 0.34705E+00 0.38587E-02 0.62088E+01 0.10981E-01 0.10886E-01
 0.16974E+00 0.36437E+01 0.24551E+01 0.52145E+01 0.33298E+00 0.35473E-02 0.60736E+01 0.98636E-02 0.10101E-01
 0.17056E+00 0.35852E+01 0.23999E+01 0.51690E+01 0.31949E+00 0.32580E-02 0.59273E+01 0.88558E-02 0.93725E-02
 0.17138E+00 0.35267E+01 0.23461E+01 0.51243E+01 0.30648E+00 0.29938E-02 0.57728E+01 0.79478E-02 0.86938E-02
 0.17220E+00 0.34682E+01 0.22933E+01 0.50780E+01 0.29396E+00 0.27508E-02 0.56079E+01 0.71351E-02 0.80623E-02
 0.17302E+00 0.34120E+01 0.22412E+01 0.50324E+01 0.28192E+00 0.25263E-02 0.54378E+01 0.64050E-02 0.74768E-02
 0.17384E+00 0.33552E+01 0.21903E+01 0.49861E+01 0.27038E+00 0.23201E-02 0.52614E+01 0.57516E-02 0.69314E-02
 0.17466E+00 0.32991E+01 0.21401E+01 0.49398E+01 0.25933E+00 0.21304E-02 0.50810E+01 0.51648E-02 0.64267E-02
 0.17548E+00 0.32438E+01 0.20907E+01 0.48935E+01 0.24860E+00 0.19560E-02 0.48989E+01 0.46429E-02 0.59560E-02
 0.17630E+00 0.31893E+01 0.20421E+01 0.48470E+01 0.23842E+00 0.17955E-02 0.47158E+01 0.41738E-02 0.55202E-02
 0.17712E+00 0.31357E+01 0.19946E+01 0.48007E+01 0.22857E+00 0.16481E-02 0.45305E+01 0.37577E-02 0.51155E-02
 0.17794E+00 0.30820E+01 0.19479E+01 0.47544E+01 0.21911E+00 0.15125E-02 0.43476E+01 0.33847E-02 0.47383E-02
 0.17876E+00 0.30283E+01 0.19019E+01 0.47080E+01 0.21003E+00 0.13879E-02 0.41646E+01 0.30522E-02 0.43895E-02
 0.17958E+00 0.29747E+01 0.18569E+01 0.46617E+01 0.20132E+00 0.12734E-02 0.39858E+01 0.27539E-02 0.40660E-02
 0.18040E+00 0.29235E+01 0.18128E+01 0.46153E+01 0.19294E+00 0.11682E-02 0.38094E+01 0.24905E-02 0.37653E-02
 0.18122E+00 0.28723E+01 0.17693E+01 0.45691E+01 0.18489E+00 0.10714E-02 0.36355E+01 0.22528E-02 0.34865E-02
 0.18204E+00 0.28210E+01 0.17267E+01 0.45226E+01 0.17715E+00 0.98266E-03 0.34647E+01 0.20411E-02 0.32287E-02
 0.18286E+00 0.27714E+01 0.16851E+01 0.44763E+01 0.16976E+00 0.90122E-03 0.32997E+01 0.18514E-02 0.29890E-02
 0.18368E+00 0.27227E+01 0.16442E+01 0.44292E+01 0.16264E+00 0.82629E-03 0.31387E+01 0.16816E-02 0.27654E-02
 0.18450E+00 0.26739E+01 0.16039E+01 0.43829E+01 0.15581E+00 0.75752E-03 0.29835E+01 0.15297E-02 0.25598E-02
 0.18532E+00 0.26251E+01 0.15645E+01 0.43364E+01 0.14925E+00 0.69442E-03 0.28322E+01 0.13932E-02 0.23685E-02
 0.18614E+00 0.25763E+01 0.15260E+01 0.42901E+01 0.14297E+00 0.63647E-03 0.26867E+01 0.12706E-02 0.21914E-02
 0.18696E+00 0.25300E+01 0.14883E+01 0.42439E+01 0.13693E+00 0.58332E-03 0.25469E+01 0.11605E-02 0.20274E-02
 0.18778E+00 0.25017E+01 0.14621E+01 0.42303E+01 0.13212E+00 0.53831E-03 0.24297E+01 0.10684E-02 0.18885E-02
 0.18860E+00 0.24370E+01 0.14145E+01 0.41513E+01 0.12551E+00 0.48929E-03 0.22813E+01 0.96998E-03 0.17326E-02
 0.18942E+00 0.23913E+01 0.13790E+01 0.41050E+01 0.12021E+00 0.44829E-03 0.21574E+01 0.88914E-03 0.16024E-02
 0.19024E+00 0.23468E+01 0.13442E+01 0.40604E+01 0.11510E+00 0.41063E-03 0.20389E+01 0.81560E-03 0.14815E-02
 0.19106E+00 0.23026E+01 0.13101E+01 0.40141E+01 0.11020E+00 0.37611E-03 0.19256E+01 0.74909E-03 0.13697E-02
 0.19188E+00 0.22590E+01 0.12767E+01 0.39684E+01 0.10550E+00 0.34444E-03 0.18176E+01 0.68860E-03 0.12662E-02
 0.19270E+00 0.22163E+01 0.12442E+01 0.39238E+01 0.10099E+00 0.31546E-03 0.17147E+01 0.63347E-03 0.11703E-02
 0.19352E+00 0.21740E+01 0.12123E+01 0.38782E+01 0.96689E-01 0.28899E-03 0.16165E+01 0.58347E-03 0.10816E-02
 0.19434E+00 0.21324E+01 0.11810E+01 0.38335E+01 0.92543E-01 0.26454E-03 0.15232E+01 0.53766E-03 0.99942E-03
 0.19516E+00 0.20914E+01 0.11505E+01 0.37896E+01 0.88570E-01 0.24219E-03 0.14347E+01 0.49593E-03 0.92342E-03
 0.19598E+00 0.20510E+01 0.11206E+01 0.37457E+01 0.84768E-01 0.22170E-03 0.13506E+01 0.45760E-03 0.85326E-03
 0.19680E+00 0.20112E+01 0.10913E+01 0.36994E+01 0.81129E-01 0.20293E-03 0.12709E+01 0.42253E-03 0.78814E-03
 0.19762E+00 0.19718E+01 0.10627E+01 0.36554E+01 0.77641E-01 0.18574E-03 0.11954E+01 0.39036E-03 0.72811E-03
 0.19844E+00 0.19332E+01 0.10347E+01 0.36116E+01 0.74303E-01 0.16998E-03 0.11239E+01 0.36090E-03 0.67240E-03
 0.19926E+00 0.18951E+01 0.10075E+01 0.35694E+01 0.71087E-01 0.15554E-03 0.10562E+01 0.33378E-03 0.62101E-03
 0.20008E+00 0.18576E+01 0.98086E+00 0.35262E+01 0.68023E-01 0.14233E-03 0.99238E+00 0.30877E-03 0.57341E-03
 0.20090E+00 0.18207E+01 0.95466E+00 0.34823E+01 0.65072E-01 0.13022E-03 0.93191E+00 0.28578E-03 0.52939E-03
 0.20172E+00 0.17844E+01 0.92923E+00 0.34401E+01 0.62253E-01 0.11914E-03 0.87506E+00 0.26459E-03 0.48870E-03
 0.20254E+00 0.17486E+01 0.90422E+00 0.33970E+01 0.59549E-01 0.10898E-03 0.82121E+00 0.24494E-03 0.45119E-03
 0.20336E+00 0.17134E+01 0.87980E+00 0.33547E+01 0.56971E-01 0.99684E-04 0.77050E+00 0.22689E-03 0.41635E-03
 0.20418E+00 0.16787E+01 0.85608E+00 0.33116E+01 0.54494E-01 0.91183E-04 0.72275E+00 0.21018E-03 0.38427E-03
 0.20500E+00 0.16447E+01 0.83301E+00 0.32701E+01 0.52113E-01 0.83389E-04 0.67767E+00 0.19476E-03 0.35463E-03
 0.20582E+00 0.16112E+01 0.81026E+00 0.32287E+01 0.49847E-01 0.76269E-04 0.63535E+00 0.18050E-03 0.32726E-03
 0.20664E+00 0.15782E+01 0.78821E+00 0.31888E+01 0.47668E-01 0.69739E-04 0.59545E+00 0.16729E-03 0.30201E-03
 0.20746E+00 0.15459E+01 0.76661E+00 0.31474E+01 0.45581E-01 0.63763E-04 0.55802E+00 0.15508E-03 0.27862E-03
 0.20828E+00 0.15141E+01 0.74556E+00 0.31067E+01 0.43590E-01 0.58315E-04 0.52276E+00 0.14377E-03 0.25710E-03
 0.20910E+00 0.14828E+01 0.72501E+00 0.30670E+01 0.41681E-01 0.53298E-04 0.48955E+00 0.13328E-03 0.23709E-03
 0.20992E+00 0.14520E+01 0.70492E+00 0.30262E+01 0.39860E-01 0.48725E-04 0.45851E+00 0.12358E-03 0.21867E-03
 0.21074E+00 0.14217E+01 0.68541E+00 0.29864E+01 0.38114E-01 0.44544E-04 0.42919E+00 0.11459E-03 0.20168E-03
 0.21156E+00 0.13919E+01 0.66632E+00 0.29474E+01 0.36441E-01 0.40712E-04 0.40166E+00 0.10626E-03 0.18600E-03
 0.21238E+00 0.13865E+01 0.65898E+00 0.29593E+01 0.35450E-01 0.37852E-04 0.38243E+00 0.10021E-03 0.17444E-03
 0.21320E+00 0.13335E+01 0.62935E+00 0.28688E+01 0.33285E-01 0.33974E-04 0.35157E+00 0.91287E-04 0.15796E-03
 0.21402E+00 0.13054E+01 0.61149E+00 0.28316E+01 0.31815E-01 0.31055E-04 0.32893E+00 0.84659E-04 0.14567E-03
 0.21484E+00 0.12778E+01 0.59435E+00 0.27933E+01 0.30411E-01 0.28387E-04 0.30758E+00 0.78494E-04 0.13428E-03
 0.21566E+00 0.12506E+01 0.57746E+00 0.27560E+01 0.29088E-01 0.25938E-04 0.28762E+00 0.72798E-04 0.12379E-03
 0.21648E+00 0.12237E+01 0.56110E+00 0.27176E+01 0.27787E-01 0.23693E-04 0.26894E+00 0.67498E-04 0.11407E-03
 0.21730E+00 0.11976E+01 0.54511E+00 0.26811E+01 0.26561E-01 0.21655E-04 0.25142E+00 0.62597E-04 0.10516E-03
 0.21812E+00 0.11719E+01 0.52969E+00 0.26445E+01 0.25384E-01 0.19783E-04 0.23514E+00 0.58031E-04 0.96904E-04
 0.21894E+00 0.11465E+01 0.51431E+00 0.26079E+01 0.24267E-01 0.18076E-04 0.21978E+00 0.53818E-04 0.89300E-04
 0.21976E+00 0.11218E+01 0.49961E+00 0.25731E+01 0.23195E-01 0.16513E-04 0.20540E+00 0.49899E-04 0.82292E-04
 0.22058E+00 0.10975E+01 0.48522E+00 0.25372E+01 0.22168E-01 0.15086E-04 0.19194E+00 0.46255E-04 0.75827E-04
 0.22140E+00 0.10735E+01 0.47126E+00 0.25024E+01 0.21185E-01 0.13781E-04 0.17934E+00 0.42898E-04 0.69857E-04
 0.22222E+00 0.10501E+01 0.45752E+00 0.24682E+01 0.20244E-01 0.12588E-04 0.16754E+00 0.39765E-04 0.64355E-04
 0.22304E+00 0.10271E+01 0.44428E+00 0.24333E+01 0.19348E-01 0.11506E-04 0.15655E+00 0.36878E-04 0.59318E-04
 0.22386E+00 0.10044E+01 0.43129E+00 0.23989E+01 0.18487E-01 0.10509E-04 0.14621E+00 0.34174E-04 0.54636E-04
 0.22468E+00 0.98236E+00 0.41879E+00 0.23654E+01 0.17664E-01 0.95922E-05 0.13654E+00 0.31677E-04 0.50296E-04
 0.22550E+00 0.96056E+00 0.40658E+00 0.23319E+01 0.16879E-01 0.87633E-05 0.12750E+00 0.29363E-04 0.46345E-04
 0.22632E+00 0.93928E+00 0.39457E+00 0.22992E+01 0.16128E-01 0.80008E-05 0.11906E+00 0.27221E-04 0.42670E-04
 0.22714E+00 0.91849E+00 0.38304E+00 0.22666E+01 0.15411E-01 0.73085E-05 0.11117E+00 0.25225E-04 0.39313E-04
 0.22796E+00 0.89794E+00 0.37158E+00 0.22345E+01 0.14724E-01 0.66741E-05 0.10377E+00 0.23379E-04 0.36181E-04
 0.22878E+00 0.87792E+00 0.36059E+00 0.22025E+01 0.14068E-01 0.60950E-05 0.96870E-01 0.21667E-04 0.33316E-04
 0.22960E+00 0.85810E+00 0.35004E+00 0.21712E+01 0.13442E-01 0.55669E-05 0.90419E-01 0.20080E-04 0.30680E-04
 0.23042E+00 0.83884E+00 0.33949E+00 0.21402E+01 0.12843E-01 0.50821E-05 0.84407E-01 0.18607E-04 0.28256E-04
 0.23124E+00 0.81997E+00 0.32948E+00 0.21094E+01 0.12269E-01 0.46424E-05 0.78765E-01 0.17242E-04 0.26008E-04
 0.23206E+00 0.80138E+00 0.31966E+00 0.20791E+01 0.11722E-01 0.42376E-05 0.73499E-01 0.15977E-04 0.23941E-04
 0.23288E+00 0.78326E+00 0.31008E+00 0.20493E+01 0.11199E-01 0.38712E-05 0.68597E-01 0.14804E-04 0.22041E-04
 0.23370E+00 0.76540E+00 0.30082E+00 0.20197E+01 0.10700E-01 0.35337E-05 0.63996E-01 0.13714E-04 0.20286E-04
 0.23452E+00 0.74799E+00 0.29172E+00 0.19904E+01 0.10222E-01 0.32271E-05 0.59709E-01 0.12706E-04 0.18673E-04
 0.23534E+00 0.73093E+00 0.28294E+00 0.19618E+01 0.97671E-02 0.29456E-05 0.55694E-01 0.11771E-04 0.17185E-04
 0.23616E+00 0.71429E+00 0.27434E+00 0.19335E+01 0.93311E-02 0.26910E-05 0.51970E-01 0.10906E-04 0.15818E-04
 0.23698E+00 0.69788E+00 0.26604E+00 0.19054E+01 0.89154E-02 0.24571E-05 0.48473E-01 0.10102E-04 0.14557E-04
 0.23780E+00 0.68605E+00 0.25953E+00 0.18896E+01 0.85682E-02 0.22564E-05 0.45473E-01 0.94119E-05 0.13474E-04
 0.23862E+00 0.66590E+00 0.25002E+00 0.18501E+01 0.81328E-02 0.20461E-05 0.42137E-01 0.86587E-05 0.12313E-04
 0.23944E+00 0.65048E+00 0.24239E+00 0.18232E+01 0.77701E-02 0.18686E-05 0.39302E-01 0.80209E-05 0.11332E-04
 0.24026E+00 0.63554E+00 0.23501E+00 0.17967E+01 0.74237E-02 0.17060E-05 0.36649E-01 0.74275E-05 0.10425E-04
 0.24108E+00 0.62065E+00 0.22779E+00 0.17704E+01 0.70930E-02 0.15583E-05 0.34184E-01 0.68802E-05 0.95956E-05
 0.24190E+00 0.60620E+00 0.22081E+00 0.17447E+01 0.67759E-02 0.14225E-05 0.31873E-01 0.63704E-05 0.88248E-05
 0.24272E+00 0.59206E+00 0.21401E+00 0.17194E+01 0.64748E-02 0.13005E-05 0.29726E-01 0.59045E-05 0.81278E-05
 0.24354E+00 0.57816E+00 0.20741E+00 0.16940E+01 0.61851E-02 0.11881E-05 0.27714E-01 0.54690E-05 0.74789E-05
 0.24436E+00 0.56467E+00 0.20100E+00 0.16690E+01 0.59081E-02 0.10843E-05 0.25841E-01 0.50627E-05 0.68773E-05
 0.24518E+00 0.55144E+00 0.19479E+00 0.16448E+01 0.56453E-02 0.98912E-06 0.24078E-01 0.46840E-05 0.63223E-05
 0.24600E+00 0.53846E+00 0.18876E+00 0.16209E+01 0.53947E-02 0.90350E-06 0.22450E-01 0.43383E-05 0.58162E-05
 0.24682E+00 0.52576E+00 0.18289E+00 0.15969E+01 0.51525E-02 0.82485E-06 0.20924E-01 0.40155E-05 0.53483E-05
 0.24764E+00 0.51333E+00 0.17721E+00 0.15735E+01 0.49238E-02 0.75398E-06 0.19516E-01 0.37198E-05 0.49232E-05
 0.24846E+00 0.50125E+00 0.17167E+00 0.15503E+01 0.47055E-02 0.68927E-06 0.18201E-01 0.34465E-05 0.45341E-05
 0.24928E+00 0.48931E+00 0.16631E+00 0.15273E+01 0.44946E-02 0.62921E-06 0.16962E-01 0.31904E-05 0.41676E-05
 0.25010E+00 0.47760E+00 0.16110E+00 0.15044E+01 0.42915E-02 0.57377E-06 0.15799E-01 0.29520E-05 0.38297E-05
 0.25092E+00 0.46632E+00 0.15605E+00 0.14821E+01 0.41000E-02 0.52362E-06 0.14723E-01 0.27318E-05 0.35204E-05
 0.25174E+00 0.45508E+00 0.15115E+00 0.14597E+01 0.39157E-02 0.47853E-06 0.13727E-01 0.25298E-05 0.32398E-05
 0.25256E+00 0.44431E+00 0.14641E+00 0.14375E+01 0.37396E-02 0.43690E-06 0.12793E-01 0.23421E-05 0.29813E-05
 0.25338E+00 0.43357E+00 0.14178E+00 0.14154E+01 0.35700E-02 0.39841E-06 0.11917E-01 0.21669E-05 0.27398E-05
 0.25420E+00 0.42327E+00 0.13732E+00 0.13936E+01 0.34103E-02 0.36316E-06 0.11101E-01 0.20045E-05 0.25178E-05
 0.25502E+00 0.41302E+00 0.13296E+00 0.13716E+01 0.32541E-02 0.33150E-06 0.10346E-01 0.18556E-05 0.23144E-05
 0.25584E+00 0.40319E+00 0.12875E+00 0.13498E+01 0.31064E-02 0.30215E-06 0.96372E-02 0.17170E-05 0.21276E-05
 0.25666E+00 0.39345E+00 0.12467E+00 0.13281E+01 0.29645E-02 0.27594E-06 0.89839E-02 0.15904E-05 0.19579E-05
 0.25748E+00 0.38387E+00 0.12070E+00 0.13062E+01 0.28273E-02 0.25178E-06 0.83738E-02 0.14723E-05 0.18010E-05
 0.25830E+00 0.37459E+00 0.11685E+00 0.12845E+01 0.26966E-02 0.22947E-06 0.78002E-02 0.13622E-05 0.16556E-05
 0.25912E+00 0.36552E+00 0.11314E+00 0.12624E+01 0.25700E-02 0.20890E-06 0.72646E-02 0.12601E-05 0.15209E-05
 0.25994E+00 0.35667E+00 0.10953E+00 0.12404E+01 0.24490E-02 0.19015E-06 0.67661E-02 0.11655E-05 0.13976E-05
 0.26076E+00 0.34794E+00 0.10603E+00 0.12177E+01 0.23325E-02 0.17314E-06 0.63036E-02 0.10788E-05 0.12850E-05
 0.26158E+00 0.33943E+00 0.10263E+00 0.11953E+01 0.22203E-02 0.15748E-06 0.58709E-02 0.99789E-06 0.11810E-05
 0.26240E+00 0.33725E+00 0.10119E+00 0.11948E+01 0.21524E-02 0.14608E-06 0.55724E-02 0.94123E-06 0.11067E-05
 0.26322E+00 0.32291E+00 0.96100E-01 0.11497E+01 0.20089E-02 0.13036E-06 0.50955E-02 0.85463E-06 0.99862E-06
 0.26404E+00 0.31504E+00 0.92987E-01 0.11266E+01 0.19092E-02 0.11839E-06 0.47443E-02 0.79062E-06 0.91742E-06
 0.26486E+00 0.30725E+00 0.90005E-01 0.11032E+01 0.18134E-02 0.10739E-06 0.44173E-02 0.73108E-06 0.84259E-06
 0.26568E+00 0.29987E+00 0.87115E-01 0.10796E+01 0.17213E-02 0.97377E-07 0.41144E-02 0.67617E-06 0.77422E-06
 0.26650E+00 0.29232E+00 0.84294E-01 0.10553E+01 0.16323E-02 0.88293E-07 0.38317E-02 0.62572E-06 0.71190E-06
 0.26732E+00 0.28524E+00 0.81555E-01 0.10311E+01 0.15470E-02 0.79957E-07 0.35684E-02 0.57873E-06 0.65406E-06
 0.26814E+00 0.27810E+00 0.78912E-01 0.10065E+01 0.14651E-02 0.72560E-07 0.33270E-02 0.53625E-06 0.60214E-06
 0.26896E+00 0.27129E+00 0.76363E-01 0.98169E+00 0.13865E-02 0.65721E-07 0.30992E-02 0.49643E-06 0.55397E-06
 0.26978E+00 0.26464E+00 0.73874E-01 0.95679E+00 0.13108E-02 0.59371E-07 0.28853E-02 0.45906E-06 0.50899E-06
 0.27060E+00 0.25804E+00 0.71470E-01 0.93145E+00 0.12380E-02 0.53532E-07 0.26859E-02 0.42419E-06 0.46717E-06
 0.27142E+00 0.25172E+00 0.69145E-01 0.90637E+00 0.11687E-02 0.48242E-07 0.25009E-02 0.39235E-06 0.42913E-06
 0.27224E+00 0.24537E+00 0.66895E-01 0.88056E+00 0.11020E-02 0.43593E-07 0.23309E-02 0.36328E-06 0.39507E-06
 0.27306E+00 0.23924E+00 0.64691E-01 0.85492E+00 0.10378E-02 0.39308E-07 0.21714E-02 0.33621E-06 0.36331E-06
 0.27388E+00 0.23328E+00 0.62586E-01 0.82930E+00 0.97673E-03 0.35350E-07 0.20216E-02 0.31094E-06 0.33383E-06
 0.27470E+00 0.22745E+00 0.60528E-01 0.80364E+00 0.91810E-03 0.31699E-07 0.18809E-02 0.28728E-06 0.30627E-06
 0.27552E+00 0.22180E+00 0.58544E-01 0.77808E+00 0.86245E-03 0.28430E-07 0.17511E-02 0.26561E-06 0.28131E-06
 0.27634E+00 0.21625E+00 0.56635E-01 0.75202E+00 0.80922E-03 0.25585E-07 0.16322E-02 0.24611E-06 0.25889E-06
 0.27716E+00 0.21083E+00 0.54774E-01 0.72633E+00 0.75867E-03 0.22963E-07 0.15204E-02 0.22777E-06 0.23811E-06
 0.27798E+00 0.20554E+00 0.52966E-01 0.70100E+00 0.71038E-03 0.20547E-07 0.14156E-02 0.21062E-06 0.21875E-06
 0.27880E+00 0.20038E+00 0.51223E-01 0.67587E+00 0.66447E-03 0.18335E-07 0.13170E-02 0.19461E-06 0.20074E-06
 0.27962E+00 0.19535E+00 0.49532E-01 0.65115E+00 0.62099E-03 0.16349E-07 0.12253E-02 0.17983E-06 0.18426E-06
 0.28044E+00 0.19045E+00 0.47895E-01 0.62631E+00 0.58001E-03 0.14654E-07 0.11424E-02 0.16662E-06 0.16967E-06
 0.28126E+00 0.18565E+00 0.46328E-01 0.60185E+00 0.54105E-03 0.13099E-07 0.10642E-02 0.15423E-06 0.15605E-06
 0.28208E+00 0.18095E+00 0.44783E-01 0.57787E+00 0.50417E-03 0.11667E-07 0.99071E-03 0.14260E-06 0.14336E-06
 0.28290E+00 0.17638E+00 0.43292E-01 0.55468E+00 0.46933E-03 0.10363E-07 0.92172E-03 0.13178E-06 0.13157E-06
 0.28372E+00 0.17194E+00 0.41870E-01 0.53185E+00 0.43659E-03 0.91802E-08 0.85726E-03 0.12169E-06 0.12066E-06
 0.28454E+00 0.16760E+00 0.40476E-01 0.50920E+00 0.40614E-03 0.81965E-08 0.79920E-03 0.11274E-06 0.11110E-06
 0.28536E+00 0.16336E+00 0.39128E-01 0.48718E+00 0.37718E-03 0.73049E-08 0.74470E-03 0.10438E-06 0.10224E-06
 0.28618E+00 0.15920E+00 0.37829E-01 0.46583E+00 0.35011E-03 0.64846E-08 0.69336E-03 0.96543E-07 0.93935E-07
 0.28700E+00 0.15517E+00 0.36581E-01 0.44507E+00 0.32460E-03 0.57393E-08 0.64520E-03 0.89223E-07 0.86257E-07
 0.28782E+00 0.15199E+00 0.35531E-01 0.42706E+00 0.30189E-03 0.50838E-08 0.60273E-03 0.82777E-07 0.79455E-07
 0.28864E+00 0.14735E+00 0.34170E-01 0.40520E+00 0.27808E-03 0.44780E-08 0.55820E-03 0.76163E-07 0.72623E-07
 0.28946E+00 0.14360E+00 0.33018E-01 0.38630E+00 0.25767E-03 0.39841E-08 0.52041E-03 0.70545E-07 0.66872E-07
 0.29028E+00 0.13996E+00 0.31922E-01 0.36798E+00 0.23830E-03 0.35334E-08 0.48463E-03 0.65289E-07 0.61499E-07
 0.29110E+00 0.13639E+00 0.30863E-01 0.35031E+00 0.22015E-03 0.31195E-08 0.45100E-03 0.60355E-07 0.56482E-07
 0.29192E+00 0.13289E+00 0.29812E-01 0.33322E+00 0.20315E-03 0.27446E-08 0.41951E-03 0.55756E-07 0.51810E-07
 0.29274E+00 0.12952E+00 0.28814E-01 0.31704E+00 0.18733E-03 0.24064E-08 0.39007E-03 0.51480E-07 0.47509E-07
 0.29356E+00 0.12621E+00 0.27857E-01 0.30133E+00 0.17309E-03 0.21377E-08 0.36366E-03 0.47697E-07 0.43765E-07
 0.29438E+00 0.12299E+00 0.26926E-01 0.28621E+00 0.15979E-03 0.18954E-08 0.33888E-03 0.44165E-07 0.40282E-07
 0.29520E+00 0.11982E+00 0.26018E-01 0.27171E+00 0.14731E-03 0.16731E-08 0.31555E-03 0.40871E-07 0.37017E-07
 0.29602E+00 0.11675E+00 0.25139E-01 0.25775E+00 0.13564E-03 0.14710E-08 0.29368E-03 0.37776E-07 0.33990E-07
 0.29684E+00 0.11377E+00 0.24300E-01 0.24456E+00 0.12476E-03 0.12885E-08 0.27305E-03 0.34879E-07 0.31167E-07
 0.29766E+00 0.11084E+00 0.23479E-01 0.23188E+00 0.11475E-03 0.11293E-08 0.25407E-03 0.32214E-07 0.28600E-07
 0.29848E+00 0.10800E+00 0.22692E-01 0.21986E+00 0.10580E-03 0.10019E-08 0.23688E-03 0.29871E-07 0.26349E-07
 0.29930E+00 0.10524E+00 0.21930E-01 0.20835E+00 0.97457E-04 0.88629E-09 0.22072E-03 0.27662E-07 0.24256E-07
 0.30012E+00 0.10252E+00 0.21190E-01 0.19734E+00 0.89624E-04 0.78038E-09 0.20549E-03 0.25573E-07 0.22289E-07
 0.30094E+00 0.99879E-01 0.20473E-01 0.18682E+00 0.82321E-04 0.68422E-09 0.19118E-03 0.23634E-07 0.20459E-07
 0.30176E+00 0.97314E-01 0.19781E-01 0.17681E+00 0.75543E-04 0.59744E-09 0.17778E-03 0.21825E-07 0.18762E-07
 0.30258E+00 0.94795E-01 0.19112E-01 0.16730E+00 0.69339E-04 0.52264E-09 0.16540E-03 0.20166E-07 0.17222E-07
 0.30340E+00 0.92352E-01 0.18469E-01 0.15838E+00 0.63850E-04 0.46349E-09 0.15423E-03 0.18691E-07 0.15866E-07
 0.30422E+00 0.89975E-01 0.17842E-01 0.14983E+00 0.58717E-04 0.40937E-09 0.14370E-03 0.17306E-07 0.14601E-07
 0.30504E+00 0.87649E-01 0.17239E-01 0.14170E+00 0.53942E-04 0.36006E-09 0.13380E-03 0.16007E-07 0.13419E-07
 0.30586E+00 0.85381E-01 0.16656E-01 0.13394E+00 0.49476E-04 0.31524E-09 0.12449E-03 0.14794E-07 0.12321E-07
 0.30668E+00 0.83179E-01 0.16089E-01 0.12658E+00 0.45323E-04 0.27497E-09 0.11576E-03 0.13661E-07 0.11300E-07
 0.30750E+00 0.81025E-01 0.15543E-01 0.11958E+00 0.41524E-04 0.23960E-09 0.10766E-03 0.12616E-07 0.10363E-07
 0.30832E+00 0.78927E-01 0.15017E-01 0.11308E+00 0.38188E-04 0.21205E-09 0.10037E-03 0.11691E-07 0.95461E-08
 0.30914E+00 0.76891E-01 0.14508E-01 0.10687E+00 0.35094E-04 0.18716E-09 0.93523E-04 0.10825E-07 0.87843E-08
 0.30996E+00 0.74888E-01 0.14013E-01 0.10096E+00 0.32195E-04 0.16446E-09 0.87069E-04 0.10013E-07 0.80740E-08
 0.31078E+00 0.72955E-01 0.13537E-01 0.95354E-01 0.29513E-04 0.14393E-09 0.81028E-04 0.92551E-08 0.74133E-08
 0.31160E+00 0.71048E-01 0.13076E-01 0.90026E-01 0.27008E-04 0.12547E-09 0.75354E-04 0.85491E-08 0.68005E-08
 0.31242E+00 0.70587E-01 0.12881E-01 0.86664E-01 0.25221E-04 0.11159E-09 0.71477E-04 0.80529E-08 0.63644E-08
 0.31324E+00 0.67382E-01 0.12195E-01 0.80226E-01 0.22712E-04 0.96580E-10 0.65280E-04 0.73080E-08 0.57415E-08
 0.31406E+00 0.65645E-01 0.11782E-01 0.75789E-01 0.20850E-04 0.85048E-10 0.60818E-04 0.67659E-08 0.52826E-08
 0.31488E+00 0.63934E-01 0.11380E-01 0.71547E-01 0.19113E-04 0.74604E-10 0.56617E-04 0.62575E-08 0.48528E-08
 0.31570E+00 0.62271E-01 0.10992E-01 0.67529E-01 0.17504E-04 0.65193E-10 0.52671E-04 0.57815E-08 0.44549E-08
 0.31652E+00 0.60636E-01 0.10617E-01 0.63730E-01 0.16020E-04 0.56805E-10 0.48989E-04 0.53418E-08 0.40867E-08
 0.31734E+00 0.59067E-01 0.10254E-01 0.60168E-01 0.14698E-04 0.49969E-10 0.45639E-04 0.49444E-08 0.37601E-08
 0.31816E+00 0.57530E-01 0.99046E-02 0.56812E-01 0.13489E-04 0.43991E-10 0.42521E-04 0.45766E-08 0.34586E-08
 0.31898E+00 0.56017E-01 0.95670E-02 0.53628E-01 0.12366E-04 0.38595E-10 0.39581E-04 0.42333E-08 0.31787E-08
 0.31980E+00 0.54547E-01 0.92389E-02 0.50587E-01 0.11324E-04 0.33744E-10 0.36829E-04 0.39118E-08 0.29182E-08
 0.32062E+00 0.53131E-01 0.89219E-02 0.47743E-01 0.10368E-04 0.29449E-10 0.34277E-04 0.36166E-08 0.26796E-08
 0.32144E+00 0.51760E-01 0.86180E-02 0.45071E-01 0.95150E-05 0.25942E-10 0.31937E-04 0.33481E-08 0.24656E-08
 0.32226E+00 0.50394E-01 0.83221E-02 0.42546E-01 0.87244E-05 0.22779E-10 0.29734E-04 0.30980E-08 0.22665E-08
 0.32308E+00 0.49072E-01 0.80381E-02 0.40141E-01 0.79945E-05 0.19949E-10 0.27671E-04 0.28644E-08 0.20823E-08
 0.32390E+00 0.47797E-01 0.77613E-02 0.37882E-01 0.73205E-05 0.17436E-10 0.25754E-04 0.26484E-08 0.19121E-08
 0.32472E+00 0.46552E-01 0.74970E-02 0.35754E-01 0.67171E-05 0.15345E-10 0.23996E-04 0.24508E-08 0.17592E-08
 0.32554E+00 0.45331E-01 0.72403E-02 0.33744E-01 0.61573E-05 0.13470E-10 0.22345E-04 0.22674E-08 0.16171E-08
 0.32636E+00 0.44134E-01 0.69908E-02 0.31831E-01 0.56409E-05 0.11791E-10 0.20796E-04 0.20964E-08 0.14856E-08
 0.32718E+00 0.42986E-01 0.67513E-02 0.30059E-01 0.51729E-05 0.10355E-10 0.19371E-04 0.19401E-08 0.13661E-08
 0.32800E+00 0.41859E-01 0.65210E-02 0.28371E-01 0.47477E-05 0.91171E-11 0.18046E-04 0.17958E-08 0.12569E-08
 0.32882E+00 0.40755E-01 0.62959E-02 0.26776E-01 0.43502E-05 0.79939E-11 0.16801E-04 0.16610E-08 0.11549E-08
 0.32964E+00 0.39684E-01 0.60807E-02 0.25261E-01 0.39839E-05 0.69841E-11 0.15634E-04 0.15354E-08 0.10607E-08
 0.33046E+00 0.38655E-01 0.58724E-02 0.23851E-01 0.36603E-05 0.61652E-11 0.14572E-04 0.14224E-08 0.97668E-09
 0.33128E+00 0.37631E-01 0.56696E-02 0.22520E-01 0.33610E-05 0.54424E-11 0.13584E-04 0.13174E-08 0.89913E-09
 0.33210E+00 0.36651E-01 0.54760E-02 0.21255E-01 0.30831E-05 0.47849E-11 0.12652E-04 0.12193E-08 0.82697E-09
 0.33292E+00 0.35693E-01 0.52875E-02 0.20058E-01 0.28251E-05 0.41911E-11 0.11778E-04 0.11276E-08 0.75985E-09
 0.33374E+00 0.34744E-01 0.51044E-02 0.18924E-01 0.25869E-05 0.36611E-11 0.10959E-04 0.10422E-08 0.69750E-09
 0.33456E+00 0.33837E-01 0.49283E-02 0.17853E-01 0.23666E-05 0.31899E-11 0.10195E-04 0.96291E-09 0.64021E-09
 0.33538E+00 0.32933E-01 0.47593E-02 0.16857E-01 0.21734E-05 0.28134E-11 0.95007E-05 0.89191E-09 0.58936E-09
 0.33620E+00 0.32081E-01 0.45978E-02 0.15917E-01 0.19950E-05 0.24783E-11 0.88533E-05 0.82571E-09 0.54230E-09
 0.33702E+00 0.31247E-01 0.44387E-02 0.15024E-01 0.18287E-05 0.21719E-11 0.82423E-05 0.76383E-09 0.49832E-09
 0.33784E+00 0.30532E-01 0.43004E-02 0.14223E-01 0.16796E-05 0.19014E-11 0.76939E-05 0.70800E-09 0.45902E-09
 0.33866E+00 0.29597E-01 0.41358E-02 0.13382E-01 0.15382E-05 0.16764E-11 0.71465E-05 0.65368E-09 0.42123E-09
 0.33948E+00 0.28819E-01 0.39942E-02 0.12645E-01 0.14154E-05 0.14875E-11 0.66669E-05 0.60637E-09 0.38842E-09
 0.34030E+00 0.28062E-01 0.38572E-02 0.11942E-01 0.13004E-05 0.13136E-11 0.62154E-05 0.56154E-09 0.35773E-09
 0.34112E+00 0.27325E-01 0.37249E-02 0.11274E-01 0.11927E-05 0.11544E-11 0.57867E-05 0.51961E-09 0.32882E-09
 0.34194E+00 0.26616E-01 0.35955E-02 0.10640E-01 0.10926E-05 0.10097E-11 0.53872E-05 0.48038E-09 0.30210E-09
 0.34276E+00 0.25907E-01 0.34705E-02 0.10039E-01 0.99959E-06 0.87876E-12 0.50093E-05 0.44378E-09 0.27704E-09
 0.34358E+00 0.25225E-01 0.33512E-02 0.94691E-02 0.91374E-06 0.76208E-12 0.46568E-05 0.40951E-09 0.25398E-09
 0.34440E+00 0.24542E-01 0.32358E-02 0.89525E-02 0.84209E-06 0.67851E-12 0.43480E-05 0.38009E-09 0.23443E-09
 0.34522E+00 0.23908E-01 0.31255E-02 0.84623E-02 0.77540E-06 0.60289E-12 0.40568E-05 0.35264E-09 0.21626E-09
 0.34604E+00 0.23279E-01 0.30183E-02 0.79951E-02 0.71290E-06 0.53343E-12 0.37823E-05 0.32690E-09 0.19923E-09
 0.34686E+00 0.22665E-01 0.29130E-02 0.75516E-02 0.65429E-06 0.46955E-12 0.35226E-05 0.30259E-09 0.18324E-09
 0.34768E+00 0.22068E-01 0.28125E-02 0.71302E-02 0.59960E-06 0.41106E-12 0.32798E-05 0.27957E-09 0.16832E-09
 0.34850E+00 0.21486E-01 0.27151E-02 0.67290E-02 0.54904E-06 0.35822E-12 0.30496E-05 0.25846E-09 0.15442E-09
 0.34932E+00 0.20918E-01 0.26220E-02 0.63490E-02 0.50193E-06 0.31071E-12 0.28362E-05 0.23848E-09 0.14153E-09
 0.35014E+00 0.20357E-01 0.25313E-02 0.59968E-02 0.46052E-06 0.27325E-12 0.26410E-05 0.22061E-09 0.13011E-09
 0.35096E+00 0.19823E-01 0.24438E-02 0.56720E-02 0.42475E-06 0.24583E-12 0.24672E-05 0.20489E-09 0.12017E-09
 0.35178E+00 0.19301E-01 0.23599E-02 0.53628E-02 0.39111E-06 0.21991E-12 0.23013E-05 0.19005E-09 0.11084E-09
 0.35260E+00 0.18794E-01 0.22786E-02 0.50693E-02 0.35952E-06 0.19547E-12 0.21454E-05 0.17607E-09 0.10207E-09
 0.35342E+00 0.18298E-01 0.21999E-02 0.47879E-02 0.33009E-06 0.17243E-12 0.19978E-05 0.16293E-09 0.93859E-10
 0.35424E+00 0.17815E-01 0.21239E-02 0.45228E-02 0.30260E-06 0.15079E-12 0.18595E-05 0.15061E-09 0.86178E-10
 0.35506E+00 0.17345E-01 0.20504E-02 0.42707E-02 0.27690E-06 0.13055E-12 0.17294E-05 0.13909E-09 0.79043E-10
 0.35588E+00 0.16883E-01 0.19790E-02 0.40308E-02 0.25328E-06 0.11161E-12 0.16073E-05 0.12834E-09 0.72438E-10
 0.35670E+00 0.16432E-01 0.19103E-02 0.38092E-02 0.23289E-06 0.92784E-13 0.14983E-05 0.11891E-09 0.66687E-10
 0.35752E+00 0.16000E-01 0.18449E-02 0.36062E-02 0.21494E-06 0.74842E-13 0.13997E-05 0.11047E-09 0.61615E-10
 0.35834E+00 0.15579E-01 0.17816E-02 0.34102E-02 0.19804E-06 0.58718E-13 0.13061E-05 0.10247E-09 0.56835E-10
 0.35916E+00 0.15169E-01 0.17204E-02 0.32245E-02 0.18218E-06 0.44339E-13 0.12176E-05 0.94952E-10 0.52349E-10
 0.35998E+00 0.14768E-01 0.16608E-02 0.30481E-02 0.16733E-06 0.31716E-13 0.11341E-05 0.87867E-10 0.48155E-10
 0.36080E+00 0.14377E-01 0.16034E-02 0.28813E-02 0.15346E-06 0.20768E-13 0.10556E-05 0.81222E-10 0.44206E-10
 0.36162E+00 0.13998E-01 0.15480E-02 0.27222E-02 0.14059E-06 0.11461E-13 0.98184E-06 0.75021E-10 0.40555E-10
 0.36244E+00 0.13913E-01 0.15255E-02 0.26240E-02 0.13130E-06 0.37836E-14 0.93170E-06 0.70667E-10 0.37936E-10
 0.36326E+00 0.13256E-01 0.14414E-02 0.24273E-02 0.11798E-06 0.00000E+00 0.84903E-06 0.63980E-10 0.34110E-10
 0.36408E+00 0.12906E-01 0.13920E-02 0.22980E-02 0.10886E-06 0.00000E+00 0.79294E-06 0.59421E-10 0.31510E-10
 0.36490E+00 0.12567E-01 0.13442E-02 0.21748E-02 0.10032E-06 0.00000E+00 0.73983E-06 0.55112E-10 0.29063E-10
 0.36572E+00 0.12237E-01 0.12979E-02 0.20575E-02 0.92329E-07 0.00000E+00 0.68965E-06 0.51070E-10 0.26761E-10
 0.36654E+00 0.11911E-01 0.12529E-02 0.19458E-02 0.84875E-07 0.00000E+00 0.64260E-06 0.47271E-10 0.24628E-10
 0.36736E+00 0.11597E-01 0.12097E-02 0.18402E-02 0.77920E-07 0.00000E+00 0.59829E-06 0.43721E-10 0.22626E-10
 0.36818E+00 0.11291E-01 0.11679E-02 0.17398E-02 0.71496E-07 0.00000E+00 0.55687E-06 0.40412E-10 0.20775E-10
 0.36900E+00 0.10990E-01 0.11273E-02 0.16445E-02 0.65558E-07 0.00000E+00 0.51790E-06 0.37345E-10 0.19062E-10
 0.36982E+00 0.10698E-01 0.10883E-02 0.15550E-02 0.60114E-07 0.00000E+00 0.48191E-06 0.34483E-10 0.17489E-10
 0.37064E+00 0.10416E-01 0.10508E-02 0.14718E-02 0.55360E-07 0.00000E+00 0.44945E-06 0.31969E-10 0.16110E-10
 0.37146E+00 0.10141E-01 0.10146E-02 0.13932E-02 0.50948E-07 0.00000E+00 0.41883E-06 0.29618E-10 0.14833E-10
 0.37228E+00 0.98718E-02 0.97941E-03 0.13184E-02 0.46854E-07 0.00000E+00 0.39020E-06 0.27413E-10 0.13644E-10
 0.37310E+00 0.96100E-02 0.94560E-03 0.12473E-02 0.43052E-07 0.00000E+00 0.36346E-06 0.25353E-10 0.12540E-10
 0.37392E+00 0.93559E-02 0.91288E-03 0.11809E-02 0.39656E-07 0.00000E+00 0.33868E-06 0.23491E-10 0.11547E-10
 0.37474E+00 0.91092E-02 0.88137E-03 0.11185E-02 0.36545E-07 0.00000E+00 0.31590E-06 0.21774E-10 0.10640E-10
 0.37556E+00 0.88669E-02 0.85102E-03 0.10588E-02 0.33628E-07 0.00000E+00 0.29436E-06 0.20164E-10 0.97918E-11
 0.37638E+00 0.86330E-02 0.82171E-03 0.10025E-02 0.30933E-07 0.00000E+00 0.27427E-06 0.18658E-10 0.90031E-11
 0.37720E+00 0.84012E-02 0.79292E-03 0.94867E-03 0.28429E-07 0.00000E+00 0.25539E-06 0.17257E-10 0.82741E-11
 0.37802E+00 0.81781E-02 0.76567E-03 0.89930E-03 0.26286E-07 0.00000E+00 0.23855E-06 0.16031E-10 0.76455E-11
 0.37884E+00 0.79655E-02 0.73956E-03 0.85261E-03 0.24269E-07 0.00000E+00 0.22278E-06 0.14884E-10 0.70583E-11
 0.37966E+00 0.77549E-02 0.71408E-03 0.80779E-03 0.22382E-07 0.00000E+00 0.20781E-06 0.13800E-10 0.65068E-11
 0.38048E+00 0.75502E-02 0.68946E-03 0.76527E-03 0.20618E-07 0.00000E+00 0.19371E-06 0.12784E-10 0.59899E-11
 0.38130E+00 0.73501E-02 0.66573E-03 0.72485E-03 0.18969E-07 0.00000E+00 0.18044E-06 0.11829E-10 0.55074E-11
 0.38212E+00 0.71543E-02 0.64270E-03 0.68618E-03 0.17434E-07 0.00000E+00 0.16796E-06 0.10936E-10 0.50585E-11
 0.38294E+00 0.69663E-02 0.62051E-03 0.64972E-03 0.16010E-07 0.00000E+00 0.15628E-06 0.10106E-10 0.46419E-11
 0.38376E+00 0.67787E-02 0.59876E-03 0.61498E-03 0.14694E-07 0.00000E+00 0.14533E-06 0.93313E-11 0.42569E-11
 0.38458E+00 0.65993E-02 0.57818E-03 0.58329E-03 0.13575E-07 0.00000E+00 0.13565E-06 0.86606E-11 0.39284E-11
 0.38540E+00 0.64262E-02 0.55840E-03 0.55323E-03 0.12535E-07 0.00000E+00 0.12660E-06 0.80341E-11 0.36225E-11
 0.38622E+00 0.62575E-02 0.53909E-03 0.52434E-03 0.11559E-07 0.00000E+00 0.11805E-06 0.74460E-11 0.33361E-11
 0.38704E+00 0.60910E-02 0.52049E-03 0.49715E-03 0.10647E-07 0.00000E+00 0.10999E-06 0.68922E-11 0.30709E-11
 0.38786E+00 0.59449E-02 0.50384E-03 0.47224E-03 0.98203E-08 0.00000E+00 0.10267E-06 0.63899E-11 0.28286E-11
 0.38868E+00 0.57721E-02 0.48509E-03 0.44623E-03 0.90102E-08 0.00000E+00 0.95309E-07 0.58917E-11 0.25904E-11
 0.38950E+00 0.56181E-02 0.46823E-03 0.42295E-03 0.82937E-08 0.00000E+00 0.88764E-07 0.54524E-11 0.23809E-11
 0.39032E+00 0.54688E-02 0.45208E-03 0.40138E-03 0.76605E-08 0.00000E+00 0.82827E-07 0.50554E-11 0.21950E-11
 0.39114E+00 0.53250E-02 0.43648E-03 0.38065E-03 0.70686E-08 0.00000E+00 0.77231E-07 0.46858E-11 0.20218E-11
 0.39196E+00 0.51832E-02 0.42154E-03 0.36106E-03 0.65170E-08 0.00000E+00 0.71985E-07 0.43381E-11 0.18605E-11
 0.39278E+00 0.50466E-02 0.40713E-03 0.34249E-03 0.60055E-08 0.00000E+00 0.67071E-07 0.40151E-11 0.17112E-11
 0.39360E+00 0.49124E-02 0.39298E-03 0.32487E-03 0.55328E-08 0.00000E+00 0.62467E-07 0.37161E-11 0.15730E-11
 0.39442E+00 0.47824E-02 0.37949E-03 0.30821E-03 0.51079E-08 0.00000E+00 0.58250E-07 0.34439E-11 0.14495E-11
 0.39524E+00 0.46558E-02 0.36634E-03 0.29257E-03 0.47164E-08 0.00000E+00 0.54335E-07 0.31918E-11 0.13350E-11
 0.39606E+00 0.45336E-02 0.35385E-03 0.27764E-03 0.43489E-08 0.00000E+00 0.50638E-07 0.29565E-11 0.12284E-11
 0.39688E+00 0.44136E-02 0.34160E-03 0.26345E-03 0.40107E-08 0.00000E+00 0.47183E-07 0.27361E-11 0.11299E-11
 0.39770E+00 0.42968E-02 0.32989E-03 0.25024E-03 0.37067E-08 0.00000E+00 0.44002E-07 0.25376E-11 0.10414E-11
 0.39852E+00 0.41840E-02 0.31843E-03 0.23761E-03 0.34224E-08 0.00000E+00 0.41037E-07 0.23500E-11 0.95882E-12
 0.39934E+00 0.40721E-02 0.30745E-03 0.22560E-03 0.31582E-08 0.00000E+00 0.38248E-07 0.21764E-11 0.88241E-12
 0.40016E+00 0.39645E-02 0.29694E-03 0.21418E-03 0.29132E-08 0.00000E+00 0.35630E-07 0.20148E-11 0.81184E-12
 0.40098E+00 0.38591E-02 0.28665E-03 0.20345E-03 0.26922E-08 0.00000E+00 0.33227E-07 0.18676E-11 0.74803E-12
 0.40180E+00 0.37569E-02 0.27688E-03 0.19326E-03 0.24866E-08 0.00000E+00 0.30999E-07 0.17303E-11 0.68878E-12
 0.40262E+00 0.36569E-02 0.26734E-03 0.18353E-03 0.22950E-08 0.00000E+00 0.28872E-07 0.16020E-11 0.63369E-12
 0.40344E+00 0.35613E-02 0.25806E-03 0.17444E-03 0.21228E-08 0.00000E+00 0.26954E-07 0.14859E-11 0.58433E-12
 0.40426E+00 0.34686E-02 0.24927E-03 0.16576E-03 0.19621E-08 0.00000E+00 0.25124E-07 0.13771E-11 0.53833E-12
 0.40508E+00 0.33759E-02 0.24072E-03 0.15752E-03 0.18125E-08 0.00000E+00 0.23426E-07 0.12755E-11 0.49545E-12
 0.40590E+00 0.32854E-02 0.23242E-03 0.14964E-03 0.16730E-08 0.00000E+00 0.21827E-07 0.11806E-11 0.45554E-12
 0.40672E+00 0.32000E-02 0.22446E-03 0.14228E-03 0.15479E-08 0.00000E+00 0.20366E-07 0.10951E-11 0.42018E-12
 0.40754E+00 0.31146E-02 0.21678E-03 0.13528E-03 0.14323E-08 0.00000E+00 0.19003E-07 0.10155E-11 0.38736E-12
 0.40836E+00 0.30339E-02 0.20936E-03 0.12863E-03 0.13244E-08 0.00000E+00 0.17721E-07 0.94087E-12 0.35676E-12
 0.40918E+00 0.29531E-02 0.20215E-03 0.12227E-03 0.12235E-08 0.00000E+00 0.16514E-07 0.87132E-12 0.32812E-12
 0.41000E+00 0.28749E-02 0.19518E-03 0.11622E-03 0.11299E-08 0.00000E+00 0.15385E-07 0.80637E-12 0.30187E-12
