    0.001600  -11.408372  -11.724842  152.899994
    0.001710  -11.408370  -11.724845  152.899994
    0.001810  -11.408367  -11.724852  152.899994
    0.001900  -11.408364  -11.724858  152.899994
    0.001990  -11.408364  -11.724858  152.899994
    0.002070  -11.408360  -11.724865  152.899994
    0.002140  -11.408358  -11.724872  152.899994
    0.002200  -11.408357  -11.724874  152.899994
    0.002270  -11.408353  -11.724880  152.899994
    0.002330  -11.408350  -11.724887  152.899994
    0.002390  -11.408349  -11.724890  152.899994
    0.002450  -11.408345  -11.724896  152.899994
    0.002500  -11.408343  -11.724900  152.899994
    0.002550  -11.408342  -11.724903  152.899994
    0.002610  -11.408339  -11.724910  152.899994
    0.002650  -11.408336  -11.724916  152.899994
    0.002700  -11.408335  -11.724918  152.899994
    0.002750  -11.408333  -11.724923  152.899994
    0.002790  -11.408329  -11.724930  152.899994
    0.002830  -11.408328  -11.724932  152.899994
    0.002870  -11.408326  -11.724936  152.899994
    0.002920  -11.408323  -11.724943  152.899994
    0.002960  -11.408321  -11.724945  152.899994
    0.002990  -11.408319  -11.724950  152.899994
    0.003030  -11.408318  -11.724955  152.899994
    0.003070  -11.408317  -11.724957  152.899994
    0.003110  -11.408597  -11.725247  152.800003
    0.003150  -11.408595  -11.725252  152.800003
    0.003180  -11.408594  -11.725254  152.800003
    0.003220  -11.408590  -11.725261  152.800003
    0.003260  -11.408588  -11.725266  152.800003
    0.003290  -11.408587  -11.725267  152.800003
    0.003320  -11.408585  -11.725274  152.800003
    0.003350  -11.408585  -11.725274  152.800003
    0.003390  -11.408581  -11.725281  152.800003
    0.003420  -11.408578  -11.725287  152.800003
    0.003450  -11.408578  -11.725287  152.800003
    0.003480  -11.408574  -11.725294  152.800003
    0.003510  -11.408572  -11.725299  152.800003
    0.003540  -11.408571  -11.725301  152.800003
    0.003570  -11.408568  -11.725307  152.800003
    0.003610  -11.408568  -11.725307  152.800003
    0.003640  -11.408565  -11.725314  152.800003
    0.003670  -11.408562  -11.725321  152.800003
    0.003710  -11.408558  -11.725328  152.800003
    0.003730  -11.408558  -11.725328  152.800003
    0.003750  -11.408555  -11.725335  152.800003
    0.003780  -11.408555  -11.725335  152.800003
    0.003800  -11.408552  -11.725342  152.800003
    0.003820  -11.408552  -11.725342  152.800003
    0.003850  -11.408548  -11.725348  152.800003
    0.003870  -11.408548  -11.725348  152.800003
    0.003900  -11.408545  -11.725355  152.800003
    0.003920  -11.408545  -11.725355  152.800003
    0.003950  -11.408542  -11.725362  152.800003
    0.003970  -11.408541  -11.725364  152.800003
    0.003990  -11.408539  -11.725368  152.800003
    0.004020  -11.408536  -11.725375  152.800003
    0.004040  -11.408536  -11.725375  152.800003
    0.004070  -11.408532  -11.725382  152.800003
    0.004090  -11.408531  -11.725384  152.800003
    0.004120  -11.408529  -11.725389  152.800003
    0.004150  -11.408525  -11.725395  152.800003
    0.004170  -11.408525  -11.725395  152.800003
    0.004200  -11.408523  -11.725402  152.800003
    0.004220  -11.408522  -11.725404  152.800003
    0.004250  -11.408520  -11.725409  152.800003
    0.004280  -11.408516  -11.725415  152.800003
    0.004300  -11.408799  -11.725702  152.699997
    0.004330  -11.408797  -11.725706  152.699997
    0.004360  -11.408794  -11.725713  152.699997
    0.004380  -11.408792  -11.725716  152.699997
    0.004410  -11.408791  -11.725719  152.699997
    0.004440  -11.408788  -11.725726  152.699997
    0.004470  -11.408784  -11.725733  152.699997
    0.004490  -11.408783  -11.725736  152.699997
    0.004520  -11.408781  -11.725739  152.699997
    0.004550  -11.408778  -11.725746  152.699997
    0.004580  -11.408774  -11.725754  152.699997
    0.004610  -11.408773  -11.725756  152.699997
    0.004640  -11.408771  -11.725762  152.699997
    0.004660  -11.408768  -11.725767  152.699997
    0.004680  -11.408767  -11.725769  152.699997
    0.004690  -11.408765  -11.725774  152.699997
    0.004710  -11.408764  -11.725776  152.699997
    0.004720  -11.408762  -11.725780  152.699997
    0.004740  -11.408762  -11.725780  152.699997
    0.004750  -11.408760  -11.725782  152.699997
    0.004770  -11.408758  -11.725787  152.699997
    0.004780  -11.408757  -11.725789  152.699997
    0.004800  -11.408755  -11.725794  152.699997
    0.004810  -11.408755  -11.725794  152.699997
    0.004830  -11.408754  -11.725796  152.699997
    0.004840  -11.408751  -11.725801  152.699997
    0.004860  -11.408751  -11.725802  152.699997
    0.004870  -11.408749  -11.725807  152.699997
    0.004880  -11.408748  -11.725809  152.699997
    0.004900  -11.408746  -11.725814  152.699997
    0.004920  -11.408746  -11.725814  152.699997
    0.004930  -11.408744  -11.725816  152.699997
    0.004950  -11.408742  -11.725821  152.699997
    0.004960  -11.408741  -11.725822  152.699997
    0.004980  -11.408739  -11.725827  152.699997
    0.004990  -11.408738  -11.725829  152.699997
    0.005010  -11.408735  -11.725834  152.699997
    0.005020  -11.408734  -11.725836  152.699997
    0.005040  -11.408732  -11.725841  152.699997
    0.005050  -11.408732  -11.725841  152.699997
    0.005070  -11.408731  -11.725843  152.699997
    0.005080  -11.408730  -11.725847  152.699997
    0.005100  -11.408728  -11.725850  152.699997
    0.005120  -11.408726  -11.725854  152.699997
    0.005130  -11.408725  -11.725857  152.699997
    0.005150  -11.408723  -11.725861  152.699997
    0.005160  -11.408722  -11.725863  152.699997
    0.005180  -11.408719  -11.725867  152.699997
    0.005200  -11.409004  -11.726152  152.600006
    0.005210  -11.409001  -11.726156  152.600006
    0.005230  -11.409000  -11.726159  152.600006
    0.005240  -11.408998  -11.726163  152.600006
    0.005260  -11.408998  -11.726166  152.600006
    0.005280  -11.408996  -11.726170  152.600006
    0.005290  -11.408994  -11.726172  152.600006
    0.005310  -11.408992  -11.726176  152.600006
    0.005320  -11.408991  -11.726179  152.600006
    0.005340  -11.408989  -11.726183  152.600006
    0.005360  -11.408988  -11.726186  152.600006
    0.005370  -11.408985  -11.726190  152.600006
    0.005390  -11.408984  -11.726192  152.600006
    0.005410  -11.408982  -11.726196  152.600006
    0.005420  -11.408982  -11.726196  152.600006
    0.005440  -11.408979  -11.726203  152.600006
    0.005460  -11.408977  -11.726208  152.600006
    0.005470  -11.408976  -11.726210  152.600006
    0.005490  -11.408974  -11.726214  152.600006
    0.005510  -11.408973  -11.726217  152.600006
    0.005520  -11.408971  -11.726221  152.600006
    0.005540  -11.408969  -11.726224  152.600006
    0.005560  -11.408967  -11.726228  152.600006
    0.005580  -11.408966  -11.726231  152.600006
    0.005590  -11.408963  -11.726237  152.600006
    0.005610  -11.408960  -11.726241  152.600006
    0.005630  -11.408959  -11.726244  152.600006
    0.005640  -11.408957  -11.726248  152.600006
    0.005660  -11.408957  -11.726251  152.600006
    0.005680  -11.408955  -11.726254  152.600006
    0.005700  -11.408953  -11.726257  152.600006
    0.005710  -11.408950  -11.726264  152.600006
    0.005730  -11.408948  -11.726268  152.600006
    0.005750  -11.408947  -11.726271  152.600006
    0.005770  -11.408944  -11.726274  152.600006
    0.005780  -11.408943  -11.726277  152.600006
    0.005800  -11.408940  -11.726284  152.600006
    0.005820  -11.408938  -11.726289  152.600006
    0.005840  -11.408937  -11.726291  152.600006
    0.005860  -11.408935  -11.726295  152.600006
    0.005880  -11.408932  -11.726302  152.600006
    0.005890  -11.408931  -11.726304  152.600006
    0.005910  -11.408928  -11.726309  152.600006
    0.005930  -11.408927  -11.726311  152.600006
    0.005950  -11.408924  -11.726317  152.600006
    0.005970  -11.409206  -11.726606  152.500000
    0.005980  -11.409205  -11.726609  152.500000
    0.006000  -11.409203  -11.726616  152.500000
    0.006020  -11.409200  -11.726620  152.500000
    0.006040  -11.409199  -11.726623  152.500000
    0.006060  -11.409196  -11.726629  152.500000
    0.006080  -11.409194  -11.726634  152.500000
    0.006090  -11.409192  -11.726636  152.500000
    0.006110  -11.409189  -11.726643  152.500000
    0.006130  -11.409187  -11.726647  152.500000
    0.006150  -11.409186  -11.726649  152.500000
    0.006170  -11.409183  -11.726656  152.500000
    0.006190  -11.409181  -11.726661  152.500000
    0.006210  -11.409178  -11.726667  152.500000
    0.006230  -11.409176  -11.726669  152.500000
    0.006250  -11.409174  -11.726674  152.500000
    0.006270  -11.409171  -11.726681  152.500000
    0.006290  -11.409170  -11.726683  152.500000
    0.006310  -11.409166  -11.726689  152.500000
    0.006330  -11.409164  -11.726694  152.500000
    0.006340  -11.409162  -11.726701  152.500000
    0.006360  -11.409160  -11.726703  152.500000
    0.006380  -11.409157  -11.726709  152.500000
    0.006400  -11.409155  -11.726714  152.500000
    0.006420  -11.409151  -11.726721  152.500000
    0.006440  -11.409150  -11.726724  152.500000
    0.006460  -11.409147  -11.726730  152.500000
    0.006480  -11.409145  -11.726734  152.500000
    0.006500  -11.409142  -11.726741  152.500000
    0.006520  -11.409141  -11.726744  152.500000
    0.006540  -11.409138  -11.726750  152.500000
    0.006560  -11.409135  -11.726754  152.500000
    0.006580  -11.409132  -11.726761  152.500000
    0.006600  -11.409131  -11.726764  152.500000
    0.006620  -11.409128  -11.726770  152.500000
    0.006640  -11.409125  -11.726775  152.500000
    0.006660  -11.409408  -11.727066  152.399994
    0.006680  -11.409406  -11.727069  152.399994
    0.006710  -11.409401  -11.727079  152.399994
    0.006730  -11.409397  -11.727087  152.399994
    0.006770  -11.409393  -11.727096  152.399994
    0.006810  -11.409388  -11.727107  152.399994
    0.006820  -11.409387  -11.727109  152.399994
    0.006860  -11.409381  -11.727120  152.399994
    0.006880  -11.409378  -11.727127  152.399994
    0.006910  -11.409375  -11.727134  152.399994
    0.006930  -11.409371  -11.727140  152.399994
    0.006970  -11.409368  -11.727149  152.399994
    0.006990  -11.409364  -11.727156  152.399994
    0.007030  -11.409359  -11.727167  152.399994
    0.007060  -11.409354  -11.727177  152.399994
    0.007090  -11.409351  -11.727183  152.399994
    0.007110  -11.409348  -11.727190  152.399994
    0.007130  -11.409345  -11.727197  152.399994
    0.007150  -11.409341  -11.727203  152.399994
    0.007180  -11.409339  -11.727207  152.399994
    0.007200  -11.409336  -11.727214  152.399994
    0.007220  -11.409332  -11.727221  152.399994
    0.007260  -11.409612  -11.727519  152.300003
    0.007300  -11.409607  -11.727529  152.300003
    0.007340  -11.409600  -11.727542  152.300003
    0.007360  -11.409598  -11.727547  152.300003
    0.007400  -11.409592  -11.727560  152.300003
    0.007420  -11.409589  -11.727567  152.300003
    0.007450  -11.409585  -11.727573  152.300003
    0.007470  -11.409582  -11.727580  152.300003
    0.007500  -11.409579  -11.727587  152.300003
    0.007540  -11.409573  -11.727600  152.300003
    0.007590  -11.409565  -11.727616  152.300003
    0.007630  -11.409559  -11.727627  152.300003
    0.007650  -11.409556  -11.727633  152.300003
    0.007690  -11.409550  -11.727647  152.300003
    0.007710  -11.409547  -11.727654  152.300003
    0.007750  -11.409540  -11.727668  152.300003
    0.007780  -11.409536  -11.727674  152.300003
    0.007800  -11.409534  -11.727681  152.300003
    0.007830  -11.409529  -11.727690  152.300003
    0.007880  -11.409808  -11.727989  152.199997
    0.007900  -11.409804  -11.727996  152.199997
    0.007950  -11.409796  -11.728013  152.199997
    0.007980  -11.409793  -11.728020  152.199997
    0.008030  -11.409785  -11.728036  152.199997
    0.008080  -11.409777  -11.728054  152.199997
    0.008100  -11.409774  -11.728061  152.199997
    0.008150  -11.409767  -11.728074  152.199997
    0.008180  -11.409761  -11.728085  152.199997
    0.008230  -11.409754  -11.728101  152.199997
    0.008280  -11.409745  -11.728119  152.199997
    0.008310  -11.409742  -11.728126  152.199997
    0.008360  -11.409735  -11.728141  152.199997
    0.008390  -11.410015  -11.728437  152.100006
    0.008440  -11.410005  -11.728458  152.100006
    0.008470  -11.410002  -11.728465  152.100006
    0.008520  -11.409992  -11.728485  152.100006
    0.008570  -11.409985  -11.728500  152.100006
    0.008600  -11.409979  -11.728512  152.100006
    0.008650  -11.409971  -11.728528  152.100006
    0.008680  -11.409966  -11.728539  152.100006
    0.008730  -11.409956  -11.728559  152.100006
    0.008790  -11.409949  -11.728575  152.100006
    0.008820  -11.409944  -11.728586  152.100006
    0.008870  -11.410219  -11.728891  152.000000
    0.008900  -11.410215  -11.728901  152.000000
    0.008960  -11.410205  -11.728921  152.000000
    0.009010  -11.410195  -11.728941  152.000000
    0.009040  -11.410191  -11.728952  152.000000
    0.009100  -11.410181  -11.728972  152.000000
    0.009160  -11.410171  -11.728992  152.000000
    0.009180  -11.410167  -11.729002  152.000000
    0.009240  -11.410154  -11.729027  152.000000
    0.009270  -11.410151  -11.729035  152.000000
    0.009330  -11.410141  -11.729055  152.000000
    0.009390  -11.410415  -11.729366  151.899994
    0.009420  -11.410410  -11.729375  151.899994
    0.009470  -11.410398  -11.729400  151.899994
    0.009510  -11.410394  -11.729409  151.899994
    0.009570  -11.410382  -11.729433  151.899994
    0.009630  -11.410372  -11.729456  151.899994
    0.009660  -11.410366  -11.729467  151.899994
    0.009720  -11.410356  -11.729489  151.899994
    0.009750  -11.410349  -11.729504  151.899994
    0.009810  -11.410623  -11.729814  151.800003
    0.009870  -11.410612  -11.729836  151.800003
    0.009900  -11.410605  -11.729850  151.800003
    0.009960  -11.410594  -11.729875  151.800003
    0.010000  -11.410587  -11.729888  151.800003
    0.010060  -11.410577  -11.729911  151.800003
    0.010120  -11.410563  -11.729938  151.800003
    0.010150  -11.410557  -11.729951  151.800003
    0.010220  -11.410545  -11.729976  151.800003
    0.010250  -11.410825  -11.730275  151.699997
    0.010320  -11.410813  -11.730300  151.699997
    0.010380  -11.410800  -11.730327  151.699997
    0.010410  -11.410793  -11.730340  151.699997
    0.010480  -11.410781  -11.730368  151.699997
    0.010510  -11.410774  -11.730381  151.699997
    0.010580  -11.410762  -11.730408  151.699997
    0.010640  -11.411034  -11.730723  151.600006
    0.010670  -11.411027  -11.730737  151.600006
    0.010740  -11.411015  -11.730763  151.600006
    0.010770  -11.411006  -11.730782  151.600006
    0.010840  -11.410993  -11.730808  151.600006
    0.010910  -11.410978  -11.730838  151.600006
    0.010940  -11.410973  -11.730851  151.600006
    0.011010  -11.410957  -11.730883  151.600006
    0.011050  -11.411238  -11.731183  151.500000
    0.011120  -11.411222  -11.731216  151.500000
    0.011180  -11.411207  -11.731246  151.500000
    0.011220  -11.411199  -11.731264  151.500000
    0.011290  -11.411185  -11.731291  151.500000
    0.011320  -11.411178  -11.731307  151.500000
    0.011400  -11.411161  -11.731340  151.500000
    0.011470  -11.411433  -11.731659  151.399994
    0.011500  -11.411424  -11.731679  151.399994
    0.011570  -11.411409  -11.731709  151.399994
    0.011610  -11.411401  -11.731727  151.399994
    0.011680  -11.411386  -11.731760  151.399994
    0.011750  -11.411369  -11.731793  151.399994
    0.011790  -11.411362  -11.731810  151.399994
    0.011860  -11.411632  -11.732130  151.300003
    0.011900  -11.411623  -11.732148  151.300003
    0.011980  -11.411606  -11.732184  151.300003
    0.012050  -11.411588  -11.732223  151.300003
    0.012090  -11.411580  -11.732239  151.300003
    0.012160  -11.411563  -11.732274  151.300003
    0.012200  -11.411840  -11.732581  151.199997
    0.012280  -11.411824  -11.732615  151.199997
    0.012360  -11.411805  -11.732656  151.199997
    0.012390  -11.411798  -11.732672  151.199997
    0.012470  -11.411779  -11.732710  151.199997
    0.012510  -11.411770  -11.732730  151.199997
    0.012590  -11.412038  -11.733058  151.100006
    0.012670  -11.412018  -11.733099  151.100006
    0.012710  -11.412008  -11.733119  151.100006
    0.012780  -11.411991  -11.733155  151.100006
    0.012820  -11.411980  -11.733180  151.100006
    0.012900  -11.412248  -11.733508  151.000000
    0.012980  -11.412228  -11.733548  151.000000
    0.013020  -11.412218  -11.733569  151.000000
    0.013100  -11.412199  -11.733609  151.000000
    0.013140  -11.412189  -11.733629  151.000000
    0.013220  -11.412457  -11.733960  150.899994
    0.013310  -11.412435  -11.734005  150.899994
    0.013350  -11.412425  -11.734026  150.899994
    0.013420  -11.412406  -11.734066  150.899994
    0.013470  -11.412395  -11.734089  150.899994
    0.013550  -11.412662  -11.734422  150.800003
    0.013630  -11.412641  -11.734465  150.800003
    0.013750  -11.412611  -11.734528  150.800003
    0.013790  -11.412598  -11.734554  150.800003
    0.013920  -11.412854  -11.734910  150.699997
    0.014000  -11.412833  -11.734953  150.699997
    0.014120  -11.412799  -11.735025  150.699997
    0.014210  -11.413065  -11.735361  150.600006
    0.014290  -11.413044  -11.735404  150.600006
    0.014410  -11.413010  -11.735476  150.600006
    0.014540  -11.413265  -11.735835  150.500000
    0.014620  -11.413240  -11.735887  150.500000
    0.014740  -11.413208  -11.735954  150.500000
    0.014860  -11.413461  -11.736318  150.399994
    0.014900  -11.413451  -11.736338  150.399994
    0.015020  -11.413416  -11.736413  150.399994
    0.015100  -11.413686  -11.736742  150.300003
    0.015200  -11.413655  -11.736806  150.300003
    0.015320  -11.413622  -11.736876  150.300003
    0.015420  -11.413882  -11.737226  150.199997
    0.015480  -11.413862  -11.737266  150.199997
    0.015620  -11.413824  -11.737348  150.199997
    0.015710  -11.414087  -11.737691  150.100006
    0.015840  -11.414045  -11.737780  150.100006
    0.015980  -11.414296  -11.738150  150.000000
    0.016070  -11.414268  -11.738212  150.000000
    0.016200  -11.414516  -11.738586  149.899994
    0.016340  -11.414473  -11.738677  149.899994
    0.016430  -11.414445  -11.738736  149.899994
    0.016570  -11.414693  -11.739114  149.800003
    0.016710  -11.414651  -11.739202  149.800003
    0.016800  -11.414912  -11.739553  149.699997
    0.016940  -11.414867  -11.739649  149.699997
    0.017080  -11.415112  -11.740034  149.600006
    0.017180  -11.415083  -11.740095  149.600006
    0.017310  -11.415328  -11.740481  149.500000
    0.017460  -11.415280  -11.740583  149.500000
    0.017550  -11.415542  -11.740935  149.399994
    0.017690  -11.415493  -11.741037  149.399994
    0.017840  -11.415736  -11.741430  149.300003
    0.017940  -11.415705  -11.741495  149.300003
    0.018080  -11.415949  -11.741886  149.199997
    0.018220  -11.415899  -11.741991  149.199997
    0.018320  -11.416158  -11.742351  149.100006
    0.018460  -11.416110  -11.742453  149.100006
    0.018610  -11.416349  -11.742853  149.000000
    0.018710  -11.416315  -11.742926  149.000000
    0.018850  -11.416557  -11.743321  148.899994
    0.019000  -11.416796  -11.743727  148.800003
    0.019100  -11.416760  -11.743802  148.800003
    0.019240  -11.417002  -11.744201  148.699997
    0.019390  -11.416947  -11.744316  148.699997
    0.019490  -11.417204  -11.744684  148.600006
    0.019690  -11.417132  -11.744837  148.600006
    0.019840  -11.417368  -11.745250  148.500000
    0.019940  -11.417624  -11.745620  148.399994
    0.020090  -11.417567  -11.745740  148.399994
    0.020200  -11.417822  -11.746115  148.300003
    0.020350  -11.417767  -11.746231  148.300003
    0.020500  -11.418002  -11.746647  148.199997
    0.020710  -11.418216  -11.747108  148.100006
    0.020860  -11.418450  -11.747528  148.000000
    0.021020  -11.418389  -11.747658  148.000000
    0.021120  -11.418642  -11.748037  147.899994
    0.021280  -11.418875  -11.748462  147.800003
    0.021440  -11.418814  -11.748591  147.800003
    0.021550  -11.419066  -11.748975  147.699997
    0.021700  -11.419297  -11.749403  147.600006
    0.021860  -11.419233  -11.749540  147.600006
    0.021970  -11.419484  -11.749927  147.500000
    0.022130  -11.419715  -11.750359  147.399994
    0.022290  -11.419649  -11.750500  147.399994
    0.022560  -11.420127  -11.751328  147.199997
    0.022730  -11.420355  -11.751766  147.100006
    0.023000  -11.420535  -11.752309  147.000000
    0.023170  -11.420763  -11.752749  146.899994
    0.023440  -11.420943  -11.753292  146.800003
    0.023610  -11.421165  -11.753747  146.699997
    0.023880  -11.421345  -11.754295  146.600006
    0.024050  -11.421567  -11.754749  146.500000
    0.024330  -11.422037  -11.755610  146.300003
    0.024500  -11.422259  -11.756067  146.199997
    0.024790  -11.422429  -11.756638  146.100006
    0.024960  -11.422650  -11.757101  146.000000
    0.025250  -11.423116  -11.757977  145.800003
    0.025420  -11.423034  -11.758152  145.800003
    0.025710  -11.423497  -11.759035  145.600006
    0.025890  -11.423714  -11.759511  145.500000
    0.026180  -11.424175  -11.760402  145.300003
    0.026370  -11.424388  -11.760887  145.199997
    0.026660  -11.424547  -11.761492  145.100006
    0.026850  -11.424760  -11.761980  145.000000
    0.027150  -11.425214  -11.762894  144.800003
    0.027330  -11.425425  -11.763388  144.699997
    0.027640  -11.425877  -11.764313  144.500000
    0.027950  -11.426325  -11.765247  144.300003
    0.028200  -11.426503  -11.765817  144.199997
    0.028510  -11.426947  -11.766768  144.000000
    0.028830  -11.427392  -11.767716  143.800003
    0.029200  -11.427805  -11.768740  143.600006
    0.029400  -11.428009  -11.769258  143.500000
    0.029710  -11.428451  -11.770224  143.300003
    0.030020  -11.428895  -11.771187  143.100006
    0.030220  -11.429096  -11.771714  143.000000
    0.030490  -11.429558  -11.772643  142.800003
    0.030690  -11.429759  -11.773176  142.699997
    0.031040  -11.430183  -11.774191  142.500000
    0.031310  -11.430645  -11.775127  142.300003
    0.031590  -11.431104  -11.776075  142.100006
    0.032010  -11.431487  -11.777192  141.899994
    0.032360  -11.432210  -11.778544  141.600006
    0.032580  -11.432397  -11.779119  141.500000
    0.032930  -11.432813  -11.780174  141.300003
    0.033150  -11.433304  -11.781064  141.100006
    0.033510  -11.433714  -11.782138  140.899994
    0.033890  -11.434429  -11.783534  140.600006
    0.034180  -11.434879  -11.784527  140.399994
    0.034700  -11.435505  -11.786135  140.100006
    0.034930  -11.435990  -11.787057  139.899994
    0.035310  -11.436391  -11.788175  139.699997
    0.035760  -11.437052  -11.789720  139.399994
    0.036230  -11.438024  -11.791589  139.000000
    0.036530  -11.438463  -11.792634  138.800003
    0.036850  -11.438899  -11.793690  138.600006
    0.037160  -11.439337  -11.794747  138.399994
    0.037480  -11.439767  -11.795822  138.199997
    0.038120  -11.440946  -11.798294  137.699997
    0.038770  -11.442117  -11.800805  137.199997
    0.039090  -11.442547  -11.801902  137.000000
    0.039760  -11.443709  -11.804464  136.500000
    0.040100  -11.444129  -11.805598  136.300003
    0.040690  -11.445340  -11.808081  135.800003
    0.041120  -11.446023  -11.809681  135.500000
    0.041730  -11.446904  -11.811895  135.100006
    0.041990  -11.447371  -11.812944  134.899994
    0.042520  -11.448310  -11.815052  134.500000
    0.043240  -11.449768  -11.818118  133.899994
    0.043970  -11.451225  -11.821220  133.300003
    0.044250  -11.451689  -11.822315  133.100006
    0.044990  -11.452813  -11.825147  132.600006
    0.045460  -11.453803  -11.827219  132.199997
    0.046220  -11.455247  -11.830452  131.600006
    0.046520  -11.455699  -11.831606  131.399994
    0.047300  -11.457468  -11.835237  130.699997
    0.047790  -11.458448  -11.837404  130.300003
    0.048600  -11.459876  -11.840790  129.699997
    0.049530  -11.461892  -11.845093  128.899994
    0.050270  -11.463045  -11.848073  128.399994
    0.051130  -11.465132  -11.852313  127.599998
    0.051460  -11.465568  -11.853592  127.400002
    0.052350  -11.467650  -11.857924  126.599998
    0.053250  -11.469387  -11.861985  125.900002
    0.054170  -11.471469  -11.866450  125.099998
    0.054750  -11.472426  -11.868918  124.699997
    0.055320  -11.473738  -11.871744  124.199997
    0.056090  -11.475615  -11.875646  123.500000
    0.057000  -11.477385  -11.879869  122.800003
    0.057640  -11.479024  -11.883230  122.199997
    0.058030  -11.479792  -11.885059  121.900002
    0.058890  -11.481633  -11.889238  121.199997
    0.059780  -11.483827  -11.893862  120.400002
    0.060610  -11.485716  -11.898049  119.699997
    0.061190  -11.487087  -11.901023  119.199997
    0.062140  -11.489270  -11.905874  118.400002
    0.062770  -11.490620  -11.908987  117.900002
    0.063410  -11.491961  -11.912154  117.400002
    0.064120  -11.493630  -11.915845  116.800003
    0.064780  -11.495356  -11.919436  116.199997
    0.065510  -11.497027  -11.923215  115.599998
    0.065970  -11.498176  -11.925674  115.199997
    0.066580  -11.499584  -11.928849  114.699997
    0.067060  -11.500722  -11.931386  114.300003
    0.067780  -11.502824  -11.935581  113.599998
    0.068640  -11.504835  -11.940090  112.900002
    0.069060  -11.505660  -11.942149  112.599998
    0.069710  -11.507466  -11.945873  112.000000
    0.070530  -11.509542  -11.950377  111.300003
    0.071450  -11.511950  -11.955513  110.500000
    0.072290  -11.514051  -11.960103  109.800003
    0.072780  -11.515248  -11.962774  109.400002
    0.073420  -11.516738  -11.966165  108.900002
    0.074160  -11.518556  -11.970202  108.300003
    0.074660  -11.520175  -11.973317  107.800003
    0.075140  -11.521413  -11.976002  107.400002
    0.075830  -11.522902  -11.979559  106.900002
    0.076650  -11.525110  -11.984262  106.199997
    0.077160  -11.526353  -11.987041  105.800003
    0.077760  -11.528354  -11.990867  105.199997
    0.078650  -11.530563  -11.995772  104.500000
    0.079530  -11.532801  -12.000684  103.800003
    0.080110  -11.534450  -12.004098  103.300003
    0.080680  -11.536112  -12.007517  102.800003
    0.081060  -11.537085  -12.009665  102.500000
    0.081630  -11.538767  -12.013098  102.000000
    0.082110  -11.539684  -12.015456  101.699997
    0.082580  -11.541034  -12.018253  101.300003
    0.083330  -11.543036  -12.022566  100.699997
    0.083890  -11.544771  -12.026018  100.199997
    0.084640  -11.546810  -12.030353   99.599998
    0.085200  -11.548353  -12.033610   99.150002
    0.085570  -11.549388  -12.035786   98.849998
    0.086410  -11.551708  -12.040682   98.180000
    0.087050  -11.553529  -12.044488   97.660004
    0.087890  -11.555893  -12.049417   96.989998
    0.088630  -11.557947  -12.053741   96.410004
    0.089040  -11.559170  -12.056251   96.070000
    0.089640  -11.560857  -12.059774   95.599998
    0.090380  -11.562957  -12.064130   95.019997
    0.091060  -11.564928  -12.068206   94.480003
    0.091570  -11.566356  -12.071177   94.089996
    0.092390  -11.568716  -12.076075   93.449997
    0.092850  -11.570062  -12.078815   93.089996
    0.093490  -11.571932  -12.082669   92.589996
    0.093950  -11.573246  -12.085384   92.239998
    0.094500  -11.574831  -12.088657   91.820000
    0.095240  -11.577009  -12.093082   91.250000
    0.095610  -11.578082  -12.095278   90.970001
    0.096350  -11.580236  -12.099694   90.410004
    0.097180  -11.582690  -12.104663   89.779999
    0.097880  -11.584770  -12.108871   89.250000
    0.098390  -11.586267  -12.111914   88.870003
    0.099040  -11.588215  -12.115838   88.379997
    0.099510  -11.589616  -12.118650   88.029999
    0.100160  -11.591543  -12.122538   87.550003
    0.100440  -11.592391  -12.124244   87.339996
    0.101100  -11.594383  -12.128222   86.849998
    0.101850  -11.596631  -12.132730   86.300003
    0.102230  -11.597785  -12.135028   86.019997
    0.102890  -11.599771  -12.138988   85.540001
    0.103650  -11.602116  -12.143601   84.980003
    0.104270  -11.603959  -12.147285   84.540001
    0.104600  -11.604975  -12.149285   84.300003
    0.105170  -11.606764  -12.152787   83.879997
    0.105650  -11.608213  -12.155657   83.540001
    0.106230  -11.609978  -12.159109   83.129997
    0.106610  -11.611191  -12.161468   82.849998
    0.107290  -11.613225  -12.165489   82.379997
    0.108060  -11.615638  -12.170172   81.830002
    0.108930  -11.618336  -12.175402   81.220001
    0.109500  -11.620117  -12.178854   80.820000
    0.110360  -11.622760  -12.183990   80.230003
    0.111200  -11.625388  -12.189050   79.650002
    0.111750  -11.627124  -12.192375   79.269997
    0.112550  -11.629659  -12.197198   78.720001
    0.113170  -11.631602  -12.200927   78.300003
    0.113690  -11.633235  -12.204031   77.949997
    0.114100  -11.634550  -12.206515   77.669998
    0.114720  -11.636534  -12.210257   77.250000
    0.115540  -11.639148  -12.215197   76.699997
    0.116110  -11.640969  -12.218618   76.320000
    0.116690  -11.642799  -12.222061   75.940002
    0.117410  -11.645131  -12.226418   75.459999
    0.117990  -11.646989  -12.229890   75.080002
    0.118470  -11.648513  -12.232731   74.769997
    0.119090  -11.650543  -12.236493   74.360001
    0.119680  -11.652438  -12.239991   73.980003
    0.120370  -11.654640  -12.244086   73.540001
    0.121170  -11.657216  -12.248845   73.029999
    0.122080  -11.660237  -12.254331   72.440002
    0.122890  -11.662865  -12.259133   71.930000
    0.123540  -11.664994  -12.263011   71.519997
    0.124350  -11.667667  -12.267843   71.010002
    0.125010  -11.669832  -12.271752   70.599998
    0.125670  -11.672015  -12.275669   70.190002
    0.126110  -11.673461  -12.278255   69.919998
    0.126780  -11.675669  -12.282205   69.510002
    0.127660  -11.678599  -12.287438   68.970001
    0.128220  -11.680460  -12.290747   68.629997
    0.128610  -11.681783  -12.293077   68.389999
    0.129290  -11.683993  -12.297003   67.989998
    0.130190  -11.687072  -12.302375   67.440002
    0.130700  -11.688756  -12.305351   67.139999
    0.131210  -11.690451  -12.308331   66.839996
    0.132010  -11.693191  -12.313081   66.360001
    0.132530  -11.694911  -12.316080   66.059998
    0.133330  -11.697630  -12.320777   65.589996
    0.134090  -11.700197  -12.325199   65.150002
    0.134550  -11.701784  -12.327914   64.879997
    0.135310  -11.704391  -12.332343   64.440002
    0.135960  -11.706594  -12.336107   64.070000
    0.136370  -11.707966  -12.338483   63.840000
    0.137130  -11.710626  -12.342953   63.400002
    0.137610  -11.712267  -12.345717   63.130001
    0.138200  -11.714280  -12.349127   62.799999
    0.138620  -11.715758  -12.351585   62.560001
    0.139340  -11.718230  -12.355729   62.160000
    0.139880  -11.720098  -12.358844   61.860001
    0.140360  -11.721789  -12.361648   61.590000
    0.140960  -11.723865  -12.365106   61.259998
    0.141450  -11.725579  -12.367918   60.990002
    0.141990  -11.727418  -12.371004   60.700001
    0.142660  -11.729796  -12.374877   60.330002
    0.143400  -11.732383  -12.379104   59.930000
    0.144310  -11.735574  -12.384330   59.439999
    0.144990  -11.737941  -12.388177   59.080002
    0.145910  -11.741187  -12.393452   58.590000
    0.146590  -11.743599  -12.397320   58.230000
    0.147020  -11.745150  -12.399795   58.000000
    0.147640  -11.747313  -12.403277   57.680000
    0.148560  -11.750588  -12.408510   57.200001
    0.149180  -11.752794  -12.411999   56.880001
    0.149730  -11.754807  -12.415161   56.590000
    0.150210  -11.756473  -12.417830   56.349998
    0.151160  -11.759912  -12.423244   55.860001
    0.151750  -11.762036  -12.426575   55.560001
    0.152680  -11.765391  -12.431808   55.090000
    0.153280  -11.767552  -12.435157   54.790001
    0.154220  -11.770961  -12.440448   54.320000
    0.154870  -11.773299  -12.444080   54.000000
    0.155280  -11.774848  -12.446441   53.790001
    0.155970  -11.777287  -12.450210   53.459999
    0.156920  -11.780801  -12.455559   52.990002
    0.157330  -11.782306  -12.457853   52.790001
    0.158010  -11.784803  -12.461644   52.459999
    0.158690  -11.787240  -12.465349   52.139999
    0.159230  -11.789234  -12.468364   51.880001
    0.159840  -11.791554  -12.471832   51.580002
    0.160450  -11.793807  -12.475219   51.290001
    0.161060  -11.796077  -12.478608   51.000000
    0.162080  -11.799785  -12.484134   50.529999
    0.162900  -11.802897  -12.488721   50.139999
    0.163590  -11.805470  -12.492514   49.820000
    0.164690  -11.809609  -12.498583   49.310001
    0.165730  -11.813462  -12.504242   48.840000
    0.166350  -11.815870  -12.507700   48.549999
    0.167390  -11.819712  -12.513276   48.090000
    0.168160  -11.822666  -12.517524   47.740002
    0.169160  -11.826419  -12.522879   47.299999
    0.169800  -11.828918  -12.526404   47.009998
    0.170440  -11.831338  -12.529864   46.730000
    0.171500  -11.835450  -12.535645   46.259998
    0.172140  -11.837829  -12.539010   45.990002
    0.172800  -11.840408  -12.542598   45.700001
    0.173460  -11.842912  -12.546100   45.419998
    0.174330  -11.846347  -12.550830   45.040001
    0.175200  -11.849717  -12.555484   44.669998
    0.175650  -11.851363  -12.557785   44.490002
    0.176530  -11.854880  -12.562572   44.110001
    0.176980  -11.856551  -12.564879   43.930000
    0.177870  -11.860022  -12.569591   43.560001
    0.178310  -11.861818  -12.572009   43.369999
    0.179200  -11.865242  -12.576635   43.009998
    0.179800  -11.867640  -12.579859   42.759998
    0.180700  -11.871222  -12.584625   42.389999
    0.181600  -11.874733  -12.589324   42.029999
    0.182820  -11.879571  -12.595737   41.540001
    0.184040  -11.884374  -12.602057   41.060001
    0.184660  -11.886904  -12.605350   40.810001
    0.185890  -11.891801  -12.611750   40.330002
    0.186520  -11.894276  -12.614958   40.090000
    0.187770  -11.899379  -12.621552   39.599998
    0.189030  -11.904445  -12.628062   39.119999
    0.190310  -11.909580  -12.634624   38.639999
    0.191590  -11.914786  -12.641232   38.160000
    0.192890  -11.920062  -12.647911   37.680000
    0.193550  -11.922730  -12.651255   37.439999
    0.194860  -11.928123  -12.657994   36.959999
    0.195530  -11.930844  -12.661400   36.720001
    0.196850  -11.936354  -12.668216   36.240002
    0.197530  -11.939135  -12.671666   36.000000
    0.198880  -11.944759  -12.678602   35.520000
    0.199560  -11.947482  -12.681955   35.290001
    0.200590  -11.951788  -12.687212   34.930000
    0.201630  -11.956140  -12.692511   34.570000
    0.203020  -11.962021  -12.699626   34.090000
    0.204420  -11.967862  -12.706681   33.619999
    0.205130  -11.970880  -12.710309   33.380001
    0.206560  -11.976856  -12.717466   32.910000
    0.207810  -11.982144  -12.723770   32.500000
    0.209070  -11.987505  -12.730126   32.090000
    0.210140  -11.992002  -12.735463   31.750000
    0.211210  -11.996694  -12.740959   31.400000
    0.212280  -12.001159  -12.746232   31.070000
    0.213790  -12.007751  -12.753932   30.590000
    0.215290  -12.014171  -12.761409   30.129999
    0.216800  -12.020696  -12.768964   29.670000
    0.218300  -12.027182  -12.776453   29.219999
    0.219770  -12.033626  -12.783855   28.780001
    0.221240  -12.040025  -12.791175   28.350000
    0.222490  -12.045458  -12.797383   27.990000
    0.225010  -12.056553  -12.809959   27.270000
    0.226760  -12.064276  -12.818694   26.780001
    0.228520  -12.072152  -12.827531   26.290001
    0.230330  -12.080181  -12.836506   25.799999
    0.232080  -12.088031  -12.845262   25.330000
    0.233850  -12.095860  -12.853971   24.870001
    0.235540  -12.103492  -12.862409   24.430000
    0.237230  -12.111088  -12.870788   24.000000
    0.238920  -12.118828  -12.879278   23.570000
    0.240600  -12.126342  -12.887519   23.160000
    0.242290  -12.134185  -12.896073   22.740000
    0.245710  -12.149736  -12.912981   21.930000
    0.247440  -12.157637  -12.921524   21.530001
    0.250940  -12.173684  -12.938847   20.740000
    0.254500  -12.190377  -12.956720   19.950001
    0.256310  -12.198646  -12.965561   19.570000
    0.259990  -12.215917  -12.983941   18.799999
    0.261870  -12.224708  -12.993263   18.420000
    0.265680  -12.242611  -13.012193   17.670000
    0.267610  -12.251731  -13.021798   17.299999
    0.271570  -12.270317  -13.041329   16.570000
    0.275620  -12.289755  -13.061661   15.840000
    0.279800  -12.309834  -13.082600   15.120000
    0.284090  -12.330306  -13.103867   14.420000
    0.288520  -12.351805  -13.126144   13.720000
    0.293080  -12.373774  -13.148859   13.040000
    0.297800  -12.396579  -13.172379   12.370000
    0.302680  -12.420295  -13.196771   11.710000
    0.307720  -12.445003  -13.222135   11.060000
    0.312550  -12.468723  -13.246464   10.470000
    0.317000  -12.490515  -13.268747    9.956000
    0.320910  -12.509718  -13.288390    9.524000
    0.324210  -12.525928  -13.304947    9.174000
    0.327050  -12.539840  -13.319131    8.884000
    0.330080  -12.554769  -13.334345    8.583000
    0.334900  -12.578411  -13.358455    8.127000
    0.338300  -12.595204  -13.375540    7.818000
    0.343880  -12.622598  -13.403393    7.339000
    0.350060  -12.652917  -13.434208    6.843000
    0.356470  -12.684437  -13.466183    6.363000
    0.363160  -12.717178  -13.499406    5.900000
    0.370140  -12.751332  -13.534005    5.453000
    0.373720  -12.768768  -13.551680    5.238000
    0.377390  -12.786592  -13.569738    5.027000
    0.384040  -12.818992  -13.602542    4.665000
    0.389570  -12.845826  -13.629711    4.385000
    0.393910  -12.866793  -13.650927    4.178000
    0.397120  -12.882324  -13.666624    4.031000
    0.400450  -12.898320  -13.682805    3.885000
    0.402880  -12.909970  -13.694593    3.782000
    0.406360  -12.926682  -13.711505    3.639000
    0.410530  -12.946677  -13.731721    3.475000
    0.414760  -12.966854  -13.752130    3.317000
    0.419100  -12.987607  -13.773101    3.162000
    0.422290  -13.002673  -13.788354    3.054000
    0.425540  -13.018141  -13.803976    2.947000
    0.430050  -13.039401  -13.825466    2.806000
    0.433970  -13.057870  -13.844131    2.689000
    0.437990  -13.076656  -13.863110    2.575000
    0.441730  -13.094358  -13.881001    2.472000
    0.445570  -13.112267  -13.899096    2.372000
    0.453170  -13.147481  -13.934675    2.187000
    0.457000  -13.165291  -13.952670    2.099000
    0.460910  -13.183216  -13.970794    2.014000
    0.464770  -13.201019  -13.988771    1.933000
    0.468720  -13.219115  -14.007052    1.854000
    0.472890  -13.238245  -14.026370    1.774000
    0.477160  -13.257745  -14.046072    1.696000
    0.484750  -13.292055  -14.080716    1.567000
    0.489970  -13.315366  -14.104252    1.485000
    0.493040  -13.329315  -14.118330    1.438000
    0.496440  -13.344350  -14.133525    1.389000
    0.499630  -13.358634  -14.147942    1.344000
    0.506890  -13.390775  -14.180398    1.248000
    0.513690  -13.420994  -14.210922    1.164000
    0.520250  -13.449479  -14.239700    1.090000
    0.526670  -13.477840  -14.268341    1.021000
    0.532990  -13.505010  -14.295784    0.959000
    0.539190  -13.531729  -14.322770    0.901700
    0.545300  -13.557895  -14.349223    0.848900
    0.551310  -13.583463  -14.375046    0.800300
    0.557210  -13.608447  -14.400274    0.755500
    0.563010  -13.632828  -14.424897    0.714200
    0.568710  -13.656666  -14.448986    0.676000
    0.574300  -13.679994  -14.472546    0.640600
    0.579790  -13.702720  -14.495478    0.607900
    0.585170  -13.724896  -14.517857    0.577600
    0.590430  -13.746452  -14.539590    0.549600
    0.595560  -13.767394  -14.560696    0.523700
    0.600530  -13.787486  -14.580935    0.500000
    0.605260  -13.806650  -14.600208    0.478400
    0.609640  -13.824235  -14.617903    0.459400
    0.613500  -13.839721  -14.633443    0.443300
    0.616920  -13.853346  -14.647128    0.429600
    0.619490  -13.863569  -14.657388    0.419600
    0.622090  -13.873826  -14.667694    0.409800
    0.625250  -13.886400  -14.680309    0.398100
    0.627470  -13.895098  -14.689057    0.390200
    0.629720  -13.903975  -14.697982    0.382300
    0.631940  -13.912687  -14.706750    0.374700
    0.634190  -13.921461  -14.715578    0.367200
    0.636380  -13.930049  -14.724253    0.360000
    0.638600  -13.938564  -14.732859    0.353000
    0.640740  -13.946998  -14.741396    0.346200
    0.642910  -13.955339  -14.749865    0.339600
    0.645010  -13.963450  -14.758128    0.333300
    0.647140  -13.971579  -14.766451    0.327100
    0.649180  -13.979454  -14.774541    0.321200
    0.650220  -13.983512  -14.778726    0.318200
    0.652250  -13.991185  -14.786670    0.312600
    0.654270  -13.998850  -14.794658    0.307100
    0.656250  -14.006505  -14.802667    0.301700
    0.657230  -14.010236  -14.806606    0.299100
    0.658210  -14.013850  -14.810442    0.296600
    0.659200  -14.017644  -14.814456    0.294000
    0.660140  -14.021172  -14.818217    0.291600
    0.661080  -14.024727  -14.822016    0.289200
    0.662030  -14.028309  -14.825869    0.286800
    0.662990  -14.031922  -14.829744    0.284400
    0.663880  -14.035257  -14.833356    0.282200
    0.665220  -14.040303  -14.838857    0.278900
    0.666120  -14.043699  -14.842566    0.276700
    0.667190  -14.047585  -14.846855    0.274200
    0.668430  -14.052299  -14.852036    0.271200
    0.669370  -14.055781  -14.855921    0.269000
    0.669990  -14.058172  -14.858589    0.267500
    0.670940  -14.061704  -14.862520    0.265300
    0.671570  -14.063961  -14.865074    0.263900
    0.672220  -14.066397  -14.867806    0.262400
    0.673050  -14.069497  -14.871315    0.260500
    0.673600  -14.071465  -14.873549    0.259300
    0.674430  -14.074603  -14.877101    0.257400
    0.675260  -14.077592  -14.880524    0.255600
    0.675810  -14.079593  -14.882841    0.254400
    0.676370  -14.081775  -14.885340    0.253100
    0.677030  -14.084136  -14.888047    0.251700
    0.677770  -14.086845  -14.891200    0.250100
    0.678520  -14.089576  -14.894351    0.248500
    0.678900  -14.090947  -14.895934    0.247700
    0.679650  -14.093700  -14.899140    0.246100
    0.680330  -14.096299  -14.902156    0.244600
    0.681020  -14.098736  -14.905009    0.243200
    0.681480  -14.100486  -14.907046    0.242200
    0.681940  -14.102062  -14.908923    0.241300
    0.682170  -14.102943  -14.909953    0.240800
    0.682630  -14.104530  -14.911828    0.239900
    0.682860  -14.105416  -14.912864    0.239400
    0.683320  -14.107193  -14.914946    0.238400
    0.683850  -14.109154  -14.917263    0.237300
    0.684390  -14.110938  -14.919411    0.236300
    0.684660  -14.112020  -14.920667    0.235700
    0.685200  -14.114000  -14.923024    0.234600
    0.685470  -14.114902  -14.924113    0.234100
    0.685740  -14.115807  -14.925192    0.233600
    0.686010  -14.116898  -14.926477    0.233000
    0.686280  -14.117805  -14.927573    0.232500
    0.686550  -14.118902  -14.928859    0.231900
    0.686820  -14.119813  -14.929963    0.231400
    0.687090  -14.120725  -14.931083    0.230900
    0.687360  -14.121830  -14.932376    0.230300
    0.687640  -14.122747  -14.933488    0.229800
    0.688040  -14.124222  -14.935265    0.229000
    0.688450  -14.125703  -14.937034    0.228200
    0.688860  -14.127187  -14.938826    0.227400
    0.689270  -14.128676  -14.940619    0.226600
    0.689480  -14.129423  -14.941521    0.226200
    0.689690  -14.130172  -14.942421    0.225800
    0.689890  -14.130920  -14.943326    0.225400
    0.690100  -14.131670  -14.944241    0.225000
    0.690300  -14.132420  -14.945161    0.224600
    0.690510  -14.132982  -14.945861    0.224300
    0.690720  -14.133735  -14.946784    0.223900
    0.690930  -14.134491  -14.947692    0.223500
    0.691270  -14.135818  -14.949289    0.222800
    0.691610  -14.136955  -14.950677    0.222200
    0.691960  -14.138288  -14.952294    0.221500
    0.692300  -14.139430  -14.953704    0.220900
    0.692640  -14.140772  -14.955316    0.220200
    0.692990  -14.141919  -14.956748    0.219600
    0.693340  -14.143069  -14.958183    0.219000
    0.693680  -14.144423  -14.959809    0.218300
    0.694030  -14.145580  -14.961257    0.217700
    0.694380  -14.146743  -14.962690    0.217100
    0.694730  -14.148108  -14.964341    0.216400
    0.695080  -14.149273  -14.965812    0.215800
    0.695430  -14.150444  -14.967273    0.215200
    0.695780  -14.151820  -14.968941    0.214500
    0.696130  -14.152998  -14.970410    0.213900
    0.696490  -14.154176  -14.971908    0.213300
    0.696750  -14.155167  -14.973113    0.212800
    0.697020  -14.156157  -14.974334    0.212300
    0.697280  -14.157154  -14.975544    0.211800
    0.697550  -14.157942  -14.976582    0.211400
    0.697820  -14.158942  -14.977797    0.210900
    0.698090  -14.159940  -14.979044    0.210400
    0.698350  -14.160736  -14.980069    0.210000
    0.698620  -14.161738  -14.981320    0.209500
    0.698890  -14.162747  -14.982550    0.209000
    0.699160  -14.163547  -14.983599    0.208600
    0.699430  -14.164558  -14.984839    0.208100
    0.699700  -14.165568  -14.986114    0.207600
    0.699970  -14.166375  -14.987155    0.207200
    0.700240  -14.167393  -14.988414    0.206700
    0.700510  -14.168411  -14.989683    0.206200
    0.700780  -14.169222  -14.990743    0.205800
    0.701060  -14.170244  -14.992029    0.205300
    0.701330  -14.171060  -14.993085    0.204900
    0.701600  -14.172088  -14.994364    0.204400
    0.701870  -14.172906  -14.995432    0.204000
    0.702140  -14.173938  -14.996719    0.203500
    0.702410  -14.174973  -14.998010    0.203000
    0.702690  -14.175795  -14.999097    0.202600
    0.702960  -14.176836  -15.000381    0.202100
    0.703230  -14.177662  -15.001474    0.201700
    0.703510  -14.178706  -15.002775    0.201200
    0.703780  -14.179535  -15.003874    0.200800
    0.704060  -14.180585  -15.005179    0.200300
    0.704330  -14.181417  -15.006284    0.199900
    0.704610  -14.182469  -15.007606    0.199400
    0.704880  -14.183306  -15.008718    0.199000
    0.705160  -14.184363  -15.010046    0.198500
    0.705430  -14.185204  -15.011158    0.198100
    0.705710  -14.186046  -15.012277    0.197700
    0.705990  -14.187110  -15.013616    0.197200
    0.706270  -14.187956  -15.014734    0.196800
    0.706550  -14.189023  -15.016091    0.196300
    0.706820  -14.189874  -15.017219    0.195900
    0.707100  -14.190946  -15.018582    0.195400
    0.707380  -14.191799  -15.019712    0.195000
    0.707660  -14.192654  -15.020859    0.194600
    0.707940  -14.193730  -15.022247    0.194100
    0.708220  -14.194591  -15.023384    0.193700
    0.708510  -14.195450  -15.024541    0.193300
    0.708790  -14.196539  -15.025907    0.192800
    0.709070  -14.197401  -15.027081    0.192400
    0.709350  -14.198264  -15.028255    0.192000
    0.709630  -14.199359  -15.029642    0.191500
    0.709910  -14.200229  -15.030810    0.191100
    0.710180  -14.201102  -15.031967    0.190700
    0.710460  -14.201972  -15.033163    0.190300
    0.710730  -14.202847  -15.034337    0.189900
    0.711010  -14.203954  -15.035743    0.189400
    0.711280  -14.204832  -15.036933    0.189000
    0.711560  -14.205712  -15.038126    0.188600
    0.711840  -14.206594  -15.039326    0.188200
    0.712120  -14.207475  -15.040541    0.187800
    0.712390  -14.208360  -15.041743    0.187400
    0.712670  -14.209247  -15.042954    0.187000
    0.713230  -14.211018  -15.045432    0.186200
    0.713510  -14.211906  -15.046675    0.185800
    0.714070  -14.213780  -15.048549    0.185000
    0.714440  -14.214956  -15.049724    0.184500
    0.714810  -14.216134  -15.050902    0.184000
    0.715190  -14.217317  -15.052084    0.183500
    0.715570  -14.218501  -15.053269    0.183000
    0.716040  -14.220165  -15.054934    0.182300
    0.716520  -14.221598  -15.056365    0.181700
    0.717230  -14.223994  -15.058762    0.180700
    0.717950  -14.226163  -15.060930    0.179800
    0.718670  -14.228584  -15.063353    0.178800
    0.719390  -14.230776  -15.065544    0.177900
    0.719880  -14.232489  -15.067256    0.177200
    0.720600  -14.234700  -15.069468    0.176300
    0.721330  -14.237170  -15.071939    0.175300
    0.721820  -14.238659  -15.073427    0.174700
    0.722560  -14.241153  -15.075920    0.173700
    0.723290  -14.243408  -15.078176    0.172800
    0.723750  -14.244919  -15.079687    0.172200
    0.724200  -14.246435  -15.081203    0.171600
    0.724880  -14.248718  -15.083487    0.170700
    0.725570  -14.251015  -15.085782    0.169800
    0.726260  -14.253323  -15.088091    0.168900
    0.726950  -14.255384  -15.090153    0.168100
    0.727410  -14.256937  -15.091705    0.167500
    0.728110  -14.259277  -15.094045    0.166600
    0.728570  -14.260844  -15.095612    0.166000
    0.729270  -14.263206  -15.097973    0.165100
    0.729970  -14.265579  -15.100347    0.164200
    0.730890  -14.268498  -15.103266    0.163100
    0.731550  -14.270634  -15.105402    0.162300
    0.732200  -14.272779  -15.107548    0.161500
    0.732640  -14.274396  -15.109164    0.160900
    0.733300  -14.276561  -15.111329    0.160100
    0.733960  -14.278736  -15.113504    0.159300
    0.734400  -14.280102  -15.114869    0.158800
    0.735070  -14.282570  -15.117338    0.157900
    0.736180  -14.286160  -15.120929    0.156600
    0.736850  -14.288384  -15.123153    0.155800
    0.737960  -14.292305  -15.127072    0.154400
    0.739000  -14.295693  -15.130462    0.153200
    0.739630  -14.297967  -15.132735    0.152400
    0.740260  -14.299967  -15.134734    0.151700
    0.741320  -14.303704  -15.138473    0.150400
    0.741950  -14.305731  -15.140498    0.149700
    0.743020  -14.309519  -15.144286    0.148400
    0.743660  -14.311572  -15.146339    0.147700
    0.744730  -14.315412  -15.150179    0.146400
    0.745360  -14.317492  -15.152261    0.145700
    0.746420  -14.321084  -15.155852    0.144500
    0.747050  -14.323194  -15.157961    0.143800
    0.748120  -14.327137  -15.161905    0.142500
    0.749190  -14.330811  -15.165578    0.141300
    0.750060  -14.333895  -15.168662    0.140300
    0.751360  -14.338250  -15.173018    0.138900
    0.752490  -14.342334  -15.177102    0.137600
    0.753060  -14.344232  -15.179000    0.137000
    0.754210  -14.348372  -15.183140    0.135700
    0.755360  -14.352553  -15.187321    0.134400
    0.756320  -14.355797  -15.190564    0.133400
    0.757100  -14.358736  -15.193504    0.132500
    0.758450  -14.363350  -15.198117    0.131100
    0.759410  -14.367009  -15.201777    0.130000
    0.760050  -14.369353  -15.204122    0.129300
    0.761340  -14.373742  -15.208510    0.128000
    0.762650  -14.378518  -15.213286    0.126600
    0.763390  -14.381271  -15.216040    0.125800
    0.764890  -14.386830  -15.221599    0.124200
    0.765650  -14.389637  -15.224405    0.123400
    0.767170  -14.395305  -15.230073    0.121800
    0.768710  -14.400686  -15.235455    0.120300
    0.770150  -14.406136  -15.240904    0.118800
    0.770880  -14.408702  -15.243470    0.118100
    0.772340  -14.414253  -15.249022    0.116600
    0.773080  -14.417244  -15.252011    0.115800
    0.774560  -14.422526  -15.257294    0.114400
    0.775950  -14.427874  -15.262642    0.113000
    0.777360  -14.433288  -15.268056    0.111600
    0.778780  -14.438770  -15.273539    0.110200
    0.780210  -14.444324  -15.279091    0.108800
    0.781560  -14.449544  -15.284311    0.107500
    0.782920  -14.454827  -15.289596    0.106200
    0.784290  -14.460176  -15.294945    0.104900
    0.785680  -14.465592  -15.300361    0.103600
    0.786990  -14.470653  -15.305420    0.102400
    0.788300  -14.475772  -15.310539    0.101200
    0.789630  -14.480995  -15.315763    0.099990
    0.790970  -14.486327  -15.321095    0.098770
    0.792240  -14.491369  -15.326137    0.097630
    0.793510  -14.496515  -15.331283    0.096480
    0.794800  -14.501722  -15.336491    0.095330
    0.796100  -14.506993  -15.341762    0.094180
    0.798540  -14.516975  -15.351744    0.092040
    0.801020  -14.527192  -15.361960    0.089900
    0.803380  -14.537063  -15.371830    0.087880
    0.805780  -14.547161  -15.381929    0.085860
    0.808080  -14.556931  -15.391700    0.083950
    0.810410  -14.566927  -15.401694    0.082040
    0.812640  -14.576615  -15.411384    0.080230
    0.814900  -14.586525  -15.421293    0.078420
    0.817060  -14.596044  -15.430812    0.076720
    0.819260  -14.605891  -15.440659    0.075000
    0.821360  -14.615315  -15.450083    0.073390
    0.823500  -14.625070  -15.459838    0.071760
    0.825540  -14.634430  -15.469197    0.070230
    0.827610  -14.644058  -15.478827    0.068690
    0.829600  -14.653324  -15.488092    0.067240
    0.831610  -14.662858  -15.497626    0.065780
    0.833540  -14.672067  -15.506834    0.064400
    0.835500  -14.681542  -15.516311    0.063010
    0.837380  -14.690667  -15.525434    0.061700
    0.839290  -14.700059  -15.534827    0.060380
    0.841110  -14.709145  -15.543912    0.059130
    0.842970  -14.718424  -15.553191    0.057880
    0.844740  -14.727446  -15.562214    0.056690
    0.846550  -14.736659  -15.571427    0.055500
    0.848260  -14.745513  -15.580281    0.054380
    0.850000  -14.754633  -15.589400    0.053250
    0.851670  -14.763365  -15.598133    0.052190
    0.853360  -14.772362  -15.607129    0.051120
    0.854980  -14.781115  -15.615882    0.050100
    0.856630  -14.790048  -15.624816    0.049080
    0.858210  -14.798717  -15.633485    0.048110
    0.859820  -14.807654  -15.642423    0.047130
    0.861360  -14.816216  -15.650984    0.046210
    0.862930  -14.825046  -15.659814    0.045280
    0.864430  -14.833667  -15.668435    0.044390
    0.865950  -14.842363  -15.677131    0.043510
    0.867410  -14.850931  -15.685699    0.042660
    0.868900  -14.859673  -15.694440    0.041810
    0.870330  -14.868062  -15.702830    0.041010
    0.871780  -14.876726  -15.711494    0.040200
    0.873170  -14.885125  -15.719893    0.039430
    0.874580  -14.893803  -15.728571    0.038650
    0.875930  -14.902199  -15.736966    0.037910
    0.877310  -14.910760  -15.745527    0.037170
    0.878630  -14.919017  -15.753784    0.036470
    0.879970  -14.927555  -15.762322    0.035760
    0.881260  -14.935893  -15.770660    0.035080
    0.882570  -14.944394  -15.779161    0.034400
    0.883820  -14.952550  -15.787317    0.033760
    0.885080  -14.960862  -15.795630    0.033120
    0.886300  -14.969069  -15.803837    0.032500
    0.887530  -14.977298  -15.812065    0.031890
    0.888710  -14.985408  -15.820176    0.031300
    0.889920  -14.993672  -15.828441    0.030710
    0.891070  -15.001809  -15.836576    0.030140
    0.892250  -15.009954  -15.844722    0.029580
    0.893380  -15.017956  -15.852723    0.029040
    0.894520  -15.026259  -15.861028    0.028490
    0.895630  -15.034260  -15.869027    0.027970
    0.896740  -15.042410  -15.877178    0.027450
    0.897820  -15.050232  -15.885000    0.026960
    0.898910  -15.058527  -15.893294    0.026450
    0.899960  -15.066313  -15.901081    0.025980
    0.901030  -15.074412  -15.909180    0.025500
    0.902050  -15.082318  -15.917086    0.025040
    0.903090  -15.090370  -15.925138    0.024580
    0.904090  -15.098215  -15.932982    0.024140
    0.905110  -15.106387  -15.941155    0.023690
    0.906090  -15.114156  -15.948924    0.023270
    0.907080  -15.122066  -15.956834    0.022850
    0.908030  -15.129930  -15.964697    0.022440
    0.909000  -15.137938  -15.972706    0.022030
    0.909960  -15.145896  -15.980663    0.021630
    0.910930  -15.154002  -15.988770    0.021230
    0.912170  -15.164562  -15.999331    0.020720
    0.913620  -15.177109  -16.011877    0.020130
    0.914530  -15.185165  -16.019934    0.019760
    0.915450  -15.193151  -16.027918    0.019400
    0.916330  -15.201057  -16.035826    0.019050
    0.917230  -15.209110  -16.043879    0.018700
    0.918090  -15.217079  -16.051847    0.018360
    0.918970  -15.225198  -16.059965    0.018020
    0.919810  -15.232979  -16.067747    0.017700
    0.920670  -15.241153  -16.075920    0.017370
    0.921490  -15.248973  -16.083740    0.017060
    0.922320  -15.256937  -16.091705    0.016750
    0.923130  -15.264787  -16.099554    0.016450
    0.923940  -15.272779  -16.107548    0.016150
    0.924720  -15.280375  -16.115143    0.015870
    0.925510  -15.288384  -16.123152    0.015580
    0.926270  -15.295977  -16.130745    0.015310
    0.927040  -15.303993  -16.138762    0.015030
    0.927780  -15.311572  -16.146339    0.014770
    0.928530  -15.319584  -16.154352    0.014500
    0.929250  -15.327137  -16.161905    0.014250
    0.929990  -15.334825  -16.169592    0.014000
    0.930700  -15.342649  -16.177418    0.013750
    0.931420  -15.350297  -16.185064    0.013510
    0.932110  -15.358081  -16.192850    0.013270
    0.932810  -15.365675  -16.200443    0.013040
    0.933480  -15.373404  -16.208172    0.012810
    0.934170  -15.381271  -16.216040    0.012580
    0.934830  -15.388582  -16.223351    0.012370
    0.935500  -15.396376  -16.231144    0.012150
    0.936140  -15.403948  -16.238716    0.011940
    0.936800  -15.411654  -16.246422    0.011730
    0.937420  -15.419123  -16.253891    0.011530
    0.938060  -15.427106  -16.261873    0.011320
    0.938680  -15.434457  -16.269224    0.011130
    0.939300  -15.442332  -16.277100    0.010930
    0.939910  -15.449544  -16.284311    0.010750
    0.940520  -15.457289  -16.292057    0.010560
    0.941100  -15.464755  -16.299522    0.010380
    0.941690  -15.472352  -16.307119    0.010200
    0.942260  -15.479651  -16.314419    0.010030
    0.942830  -15.487384  -16.322151    0.009853
    0.943390  -15.494763  -16.329531    0.009687
    0.943960  -15.502316  -16.337084    0.009520
    0.944500  -15.509676  -16.344444    0.009360
    0.945050  -15.517259  -16.352026    0.009198
    0.945580  -15.524591  -16.359360    0.009044
    0.946120  -15.532100  -16.366867    0.008889
    0.946640  -15.539441  -16.374208    0.008740
    0.947170  -15.546959  -16.381727    0.008590
    0.947680  -15.554301  -16.389069    0.008446
    0.948190  -15.561822  -16.396589    0.008301
    0.948690  -15.569102  -16.403870    0.008163
    0.949190  -15.576615  -16.411383    0.008023
    0.949680  -15.583930  -16.418697    0.007889
    0.950170  -15.591371  -16.426138    0.007755
    0.950650  -15.598656  -16.433424    0.007626
    0.951130  -15.606123  -16.440891    0.007496
    0.951590  -15.613426  -16.448195    0.007371
    0.952060  -15.620853  -16.455622    0.007246
    0.952520  -15.628106  -16.462873    0.007126
    0.952980  -15.635606  -16.470373    0.007004
    0.953420  -15.642796  -16.477564    0.006889
    0.953870  -15.650107  -16.484875    0.006774
    0.954300  -15.657283  -16.492050    0.006663
    0.954730  -15.664644  -16.499413    0.006551
    0.955150  -15.671797  -16.506565    0.006444
    0.955580  -15.679137  -16.513905    0.006336
    0.956410  -15.693633  -16.528400    0.006128
    0.957220  -15.708117  -16.542885    0.005927
    0.958020  -15.722570  -16.557339    0.005733
    0.958790  -15.736973  -16.571741    0.005546
    0.959550  -15.751383  -16.586151    0.005365
    0.960300  -15.765785  -16.600554    0.005190
    0.961030  -15.780249  -16.615017    0.005020
    0.961740  -15.794584  -16.629353    0.004857
    0.962440  -15.808947  -16.643715    0.004699
    0.963130  -15.823609  -16.658377    0.004543
    0.963600  -15.833570  -16.668337    0.004440
    0.963880  -15.839677  -16.674444    0.004378
    0.964550  -15.854406  -16.689175    0.004232
    0.965210  -15.869229  -16.703997    0.004090
    0.965850  -15.884026  -16.718794    0.003953
    0.966470  -15.898662  -16.733429    0.003822
    0.967080  -15.913338  -16.748106    0.003695
    0.967680  -15.927919  -16.762688    0.003573
    0.968260  -15.942630  -16.777397    0.003454
    0.968830  -15.957206  -16.791973    0.003340
    0.969390  -15.971884  -16.806652    0.003229
    0.969940  -15.986519  -16.821287    0.003122
    0.970480  -16.001232  -16.836000    0.003018
    0.971000  -16.015867  -16.850636    0.002918
    0.971520  -16.030550  -16.865316    0.002821
    0.972020  -16.045267  -16.880035    0.002727
    0.972510  -16.060007  -16.894775    0.002636
    0.972990  -16.074583  -16.909349    0.002549
    0.973460  -16.089136  -16.923903    0.002465
    0.973920  -16.103645  -16.938414    0.002384
    0.974370  -16.118280  -16.953049    0.002305
    0.974800  -16.132647  -16.967415    0.002230
    0.975230  -16.147102  -16.981871    0.002157
    0.975650  -16.161638  -16.996407    0.002086
    0.976060  -16.176031  -17.010799    0.002018
    0.976460  -16.190472  -17.025240    0.001952
    0.976860  -16.204950  -17.039719    0.001888
    0.977240  -16.219452  -17.054220    0.001826
    0.977630  -16.234207  -17.068975    0.001765
    0.978000  -16.248718  -17.083487    0.001707
    0.978370  -16.263205  -17.097973    0.001651
    0.978720  -16.277647  -17.112415    0.001597
    0.979080  -16.292305  -17.127073    0.001544
    0.979420  -16.306892  -17.141661    0.001493
    0.979760  -16.321384  -17.156153    0.001444
    0.980090  -16.335756  -17.170525    0.001397
    0.980420  -16.350296  -17.185064    0.001351
    0.980730  -16.364677  -17.199444    0.001307
    0.981050  -16.379206  -17.213972    0.001264
    0.981350  -16.393526  -17.228294    0.001223
    0.981660  -16.407967  -17.242735    0.001183
    0.981950  -16.422146  -17.256914    0.001145
    0.982230  -16.436413  -17.271181    0.001108
    0.982510  -16.450352  -17.285120    0.001073
    0.982800  -16.464754  -17.299522    0.001038
    0.982920  -16.471077  -17.305845    0.001023
    0.983100  -16.480951  -17.315720    0.001000
    0.983380  -16.495346  -17.330114    0.000967
